"time";"F_1";"F_2";"F_3";"F_4";"F_5";"F_6";"F_7";"F_8";"F_9";"F_10";"F_11";"F_12";"F_13";"F_14";"F_15";"F_16";"F_17";"F_18";"F_19";"F_20";"F_21";"F_22";"F_23";"F_24";"F_25";"F_26";"F_27";"F_28";"F_29";"F_30";"F_31";"F_32";"F_33";"F_34";"F_35";"F_36";"F_37";"F_38";"F_39";"F_40";"F_41";"F_42";"F_43";"F_44";"F_45";"F_46";"F_47";"F_48";"F_49";"F_50";"F_51";"F_52";"F_53";"F_54";"F_55";"F_56";"F_57";"F_58";"F_59";"F_60";"F_61";"F_62";"F_63";"F_64";"F_65";"F_66";"F_67";"F_68";"F_69";"F_70";"F_71";"F_72";"F_73";"F_74";"F_75";"F_76";"F_77";"F_78";"F_79";"F_80";"F_81";"F_82";"F_83";"F_84";"F_85";"F_86";"F_87";"F_88";"F_89";"F_90"
0;224;226;156;137;136;224;197;112;97;142;138;136;164;126;212;177;158;164;101;114;107;142;188;168;122;162;159;138;174;102;146;192;131;144;136;168;156;141;172;160;99;103;132;128;199;112;150;122;134;104;126;135;110;178;148;157;156;112;125;120;139;207;118;175;141;164;115;130;146;150;138;159;139;174;128;156;135;134;172;152;122;124;152;128;148;140;108;133;115;120
2;286;276;202;179;189;227;245;145;139;162;175;171;120;166;237;230;215;217;140;115;131;210;154;212;165;205;176;141;232;171;198;248;134;184;124;224;155;188;122;209;133;155;166;164;177;149;173;126;173;140;169;183;154;188;194;197;193;150;173;163;179;262;166;242;176;214;120;124;159;190;139;202;183;204;177;206;141;180;157;163;147;160;191;165;147;172;150;171;152;153
4;348;338;248;221;242;364;293;156;181;180;216;152;164;134;322;283;176;270;146;172;179;246;182;238;208;204;245;216;290;200;250;304;182;224;134;280;166;235;166;258;167;179;172;200;287;170;170;194;204;176;212;219;222;270;240;188;176;188;221;160;227;317;214;309;177;264;187;156;224;230;204;245;227;262;226;256;148;226;264;164;192;156;230;202;180;168;192;209;189;186
6;360;394;294;263;295;434;226;211;223;176;182;170;160;246;347;268;210;323;196;121;167;298;194;240;251;273;274;197;348;293;302;360;180;232;234;318;171;282;172;307;201;207;226;210;232;223;186;170;190;186;221;255;242;286;286;216;184;226;269;249;222;372;262;376;170;314;166;152;239;182;162;229;271;211;275;306;243;272;310;182;152;216;241;183;170;212;198;219;226;162
8;382;324;220;241;290;496;385;164;229;228;276;180;182;194;334;246;208;334;143;182;223;238;209;222;282;172;230;274;406;268;354;304;220;304;211;392;170;255;272;322;166;209;164;194;293;222;194;266;246;184;284;208;286;362;262;202;172;264;317;250;315;270;310;443;200;340;259;161;230;208;185;212;277;228;324;218;213;258;336;234;262;152;194;276;208;172;276;197;188;214
10;312;282;231;210;266;351;238;163;232;179;197;176;156;211;276;264;213;264;210;147;178;261;192;221;215;215;216;193;289;247;260;282;183;166;205;282;174;235;186;247;178;204;171;182;235;187;189;179;215;179;215;212;220;230;229;212;183;188;238;215;219;277;239;336;176;249;193;146;195;199;165;215;221;222;243;249;196;231;228;175;194;180;193;187;175;168;209;190;183;167
12;313;438;233;222;267;362;295;210;218;227;211;184;165;210;283;267;218;273;168;225;181;256;199;225;216;218;228;200;372;262;300;288;210;215;184;286;179;255;199;251;177;197;192;194;257;190;187;191;198;187;226;218;258;237;236;204;186;195;237;216;223;269;237;340;181;245;187;149;196;203;170;213;221;226;308;245;188;234;247;179;180;183;194;192;176;171;211;190;184;171
14;314;304;235;234;268;373;264;244;296;203;225;208;174;213;290;270;223;282;210;165;172;251;206;229;217;221;240;207;311;253;280;294;213;204;207;290;184;275;212;255;196;204;183;190;243;223;189;203;203;195;237;224;220;244;283;256;189;202;236;239;227;261;235;344;186;241;195;152;197;207;175;211;221;252;297;241;194;237;250;183;186;188;195;197;177;174;213;190;185;175
16;315;315;237;246;269;384;277;190;234;215;239;200;183;220;297;273;228;291;176;174;187;222;213;233;218;224;252;214;322;256;290;300;228;241;194;294;203;295;225;259;195;207;189;194;251;196;183;215;208;203;248;230;220;251;250;208;192;209;235;210;231;235;233;348;191;237;223;155;198;211;222;209;207;234;288;237;200;240;261;187;192;193;196;202;178;177;215;190;186;179
18;316;326;239;258;270;395;290;199;242;203;253;208;192;227;304;276;233;354;198;183;190;241;220;237;221;227;264;221;333;277;300;306;243;254;199;270;194;315;238;263;204;212;205;198;251;199;193;227;213;211;259;236;220;200;259;210;195;216;234;219;180;245;231;352;196;233;175;158;199;215;159;169;221;238;303;233;206;243;272;191;198;198;197;207;179;166;217;190;187;183
20;267;336;240;270;269;408;302;203;251;249;265;214;199;235;310;281;222;311;183;206;195;236;228;243;222;229;275;226;342;236;309;314;274;269;203;302;197;337;250;254;212;218;200;203;256;199;194;237;216;219;268;244;220;264;265;206;213;223;231;160;237;239;227;358;201;228;219;163;207;220;191;205;222;244;320;201;211;245;283;195;206;168;197;210;178;184;156;192;189;186
22;320;339;250;271;281;407;302;208;237;237;267;220;169;238;310;288;257;311;189;197;199;242;241;245;228;236;275;229;348;270;302;315;261;260;212;301;199;334;249;252;211;224;202;205;256;206;241;239;222;217;271;244;216;180;263;240;199;215;229;225;170;247;229;369;201;221;168;161;199;219;192;204;219;213;307;244;216;249;282;205;206;202;200;198;177;181;211;191;197;188
24;321;342;260;272;277;406;302;178;185;237;269;226;199;241;310;295;274;311;195;200;203;248;238;247;234;243;275;232;354;248;295;316;262;317;221;300;201;331;248;268;210;230;204;207;256;209;220;241;228;215;274;212;212;244;261;212;180;223;227;228;225;239;231;380;201;214;205;159;207;218;193;203;216;238;278;261;221;253;281;215;206;202;203;206;186;182;187;162;205;190
26;322;337;270;273;281;405;290;210;227;237;271;232;199;244;310;302;291;311;213;150;189;254;243;249;240;250;275;235;360;282;288;317;227;298;230;299;203;328;237;268;209;236;206;209;256;212;233;227;234;213;277;244;155;169;259;236;203;223;225;231;164;239;233;391;201;207;154;157;177;209;162;202;213;235;279;298;226;257;280;225;206;202;206;189;175;181;199;189;213;192
28;323;348;280;274;285;404;302;168;217;237;273;238;199;247;310;309;308;311;207;230;211;260;248;251;246;257;275;238;398;288;233;284;264;399;239;298;205;325;246;268;208;242;204;211;256;202;246;245;240;164;280;244;204;224;257;244;205;265;223;234;213;239;235;404;201;200;191;155;193;216;195;201;194;232;268;295;231;261;279;235;206;202;209;202;174;180;153;176;221;194
30;290;351;288;276;287;402;301;210;213;228;277;242;197;249;311;314;327;311;213;209;215;268;255;254;254;282;277;239;370;318;273;320;263;319;250;297;207;324;245;269;205;248;211;212;255;232;261;249;247;210;273;246;160;214;253;250;209;225;222;235;209;240;235;415;201;195;186;155;189;213;162;202;209;231;256;314;238;265;277;244;208;202;212;198;172;179;186;188;228;196
32;326;343;287;253;251;409;304;189;223;250;295;192;211;243;316;274;300;317;188;219;220;270;255;260;251;268;281;244;377;299;288;323;262;325;255;363;212;320;277;281;224;254;204;217;269;226;256;254;252;212;278;251;204;220;258;199;227;226;231;225;216;234;241;390;205;205;192;181;239;219;197;205;209;266;266;316;233;271;281;240;207;204;214;199;173;181;156;151;224;197
34;308;238;286;278;275;416;307;212;233;264;313;244;225;237;321;318;371;362;207;229;225;272;255;266;248;274;285;249;384;352;303;326;218;331;260;309;217;316;269;293;243;260;209;222;245;242;251;259;257;214;273;288;209;176;309;240;275;178;240;235;223;248;247;405;221;215;198;175;201;225;200;208;209;249;276;318;228;277;285;236;182;206;216;186;154;183;180;190;220;198
36;334;327;273;279;225;459;310;213;243;278;331;245;239;190;326;320;330;329;153;239;230;274;255;272;225;280;289;254;413;313;318;329;260;337;265;315;222;312;281;305;262;266;184;231;255;238;224;306;262;216;268;261;214;232;268;184;227;228;249;235;230;252;253;370;213;225;204;179;207;231;203;211;209;258;286;306;205;283;295;232;205;208;218;201;175;185;130;191;216;199
38;314;319;284;280;263;430;313;228;253;292;349;246;253;225;331;322;331;381;201;249;195;276;255;278;242;286;267;257;384;320;333;332;205;343;270;273;227;308;293;317;281;272;207;232;255;244;241;269;267;218;193;266;219;238;273;230;233;201;258;235;202;256;259;395;217;235;210;187;150;237;180;212;209;267;296;328;218;289;293;228;204;210;220;202;176;187;184;192;212;200
40;344;364;274;281;255;436;315;214;265;308;321;247;268;221;338;322;330;342;197;259;238;276;255;284;240;260;295;262;403;270;348;327;257;350;259;325;234;304;307;329;298;278;204;237;254;251;235;275;272;218;259;272;224;246;279;223;219;230;267;235;245;260;265;390;221;245;216;196;217;244;207;219;195;275;307;324;212;294;296;225;205;212;223;203;178;191;171;171;209;203
42;342;317;284;286;382;374;316;215;270;305;337;279;207;232;334;323;336;347;206;208;238;275;208;289;251;297;265;261;404;319;350;339;260;347;272;295;239;309;306;336;295;276;214;243;253;251;245;281;273;224;196;277;162;223;280;249;241;190;267;242;244;274;264;396;222;253;174;190;220;245;208;222;211;205;315;325;222;297;295;230;175;215;185;206;139;198;182;192;213;211
44;340;325;286;291;289;430;317;176;275;302;351;251;270;243;330;324;364;336;215;257;238;270;269;294;262;304;291;260;405;289;352;341;263;374;271;329;244;314;305;343;292;274;224;249;252;251;255;287;274;230;249;148;224;244;281;251;231;218;267;249;243;288;263;394;223;261;214;188;253;238;209;225;195;257;323;324;232;300;294;235;211;218;227;209;178;205;193;154;217;219
46;338;333;288;296;306;427;318;217;280;264;343;253;271;254;324;325;348;333;224;222;207;273;266;299;273;311;279;259;406;307;354;343;264;341;270;331;249;319;304;350;289;272;234;255;251;251;265;293;275;236;244;287;224;243;282;265;245;212;267;256;242;302;214;396;224;269;213;184;226;247;174;194;225;248;331;327;242;303;293;240;214;213;229;212;178;212;204;194;221;227
48;336;415;290;301;293;424;319;218;285;296;335;228;306;265;322;326;282;330;233;271;238;272;283;234;284;318;287;258;407;301;300;345;269;338;255;389;254;324;303;357;286;258;244;261;250;251;275;351;276;242;247;292;224;242;283;237;247;206;267;208;241;316;257;398;215;277;212;182;229;248;211;231;193;239;339;328;252;306;292;245;217;224;231;215;178;219;215;146;225;235
50;276;348;291;308;342;421;321;221;292;293;327;242;275;278;317;328;360;326;244;252;239;269;292;309;293;326;287;256;406;295;357;346;272;335;268;333;261;330;301;365;281;268;255;267;206;251;286;306;279;249;234;363;222;222;286;295;248;198;265;271;236;328;262;398;226;283;209;175;234;247;212;229;217;212;347;333;261;310;262;248;222;226;234;192;174;225;225;197;227;232
52;331;350;293;263;336;425;329;228;289;294;326;256;335;292;313;329;360;305;243;255;240;275;295;298;297;334;288;265;404;297;358;347;273;370;268;335;253;325;316;361;285;251;255;265;256;233;285;304;281;246;242;295;246;246;225;217;247;210;264;225;246;326;266;380;226;283;219;179;234;243;222;237;215;240;341;333;255;311;292;251;221;198;238;218;178;224;228;198;225;238
54;330;348;347;302;330;429;337;235;286;295;325;254;283;326;309;370;360;348;242;258;231;281;298;327;301;342;277;274;402;299;359;348;274;315;270;333;208;320;358;357;289;262;255;263;233;251;284;282;283;243;250;295;250;246;282;283;246;214;263;263;252;324;270;406;226;283;193;183;183;221;228;241;217;252;335;335;249;268;256;254;148;222;242;219;176;223;231;199;223;234
56;329;354;293;297;258;433;345;242;255;296;324;252;287;320;305;331;360;323;207;261;242;287;301;336;299;350;290;283;400;301;360;349;275;344;268;333;189;315;342;353;293;216;255;261;266;251;283;300;285;240;258;295;264;248;225;277;245;222;262;259;258;322;274;410;208;283;239;187;234;235;242;245;217;264;329;337;191;313;296;257;219;178;246;220;178;222;234;200;221;230
58;316;356;299;296;318;437;353;249;288;297;323;250;289;354;267;332;360;322;240;262;243;293;250;345;309;358;260;292;398;303;361;350;232;335;268;275;229;310;345;349;297;256;255;259;271;251;282;274;287;237;266;295;278;242;278;271;244;230;261;255;264;320;278;414;226;283;249;191;230;231;252;249;217;276;323;339;237;314;298;260;208;218;250;221;178;221;237;201;219;226
60;384;359;293;301;310;439;359;254;267;299;322;250;294;350;295;303;360;321;231;266;245;301;309;352;313;364;290;303;395;277;361;351;279;380;267;331;222;307;355;339;299;261;257;258;340;251;283;298;289;234;276;267;291;252;275;264;241;238;258;253;271;318;283;418;228;282;260;195;232;228;262;252;223;289;319;342;229;314;302;264;217;216;256;220;177;221;238;152;217;192
62;331;300;295;291;309;383;356;262;278;296;324;252;287;348;297;337;364;338;244;209;251;300;264;358;317;358;267;300;359;307;365;349;276;352;272;328;264;309;357;349;302;259;255;258;322;257;293;298;292;237;278;304;283;240;279;271;247;242;267;262;275;316;284;415;228;287;190;192;231;233;256;248;237;258;310;340;236;311;300;263;222;217;256;222;182;170;232;211;220;228
64;334;353;252;287;308;431;353;270;212;293;326;254;284;340;299;340;368;323;247;244;257;299;305;364;321;270;290;297;403;289;369;347;273;392;277;325;230;311;379;351;305;281;239;258;288;241;303;298;295;240;280;313;287;252;283;230;253;246;276;271;279;314;285;408;181;292;254;189;230;238;250;244;177;287;301;288;243;308;298;262;227;174;256;224;187;158;226;218;223;232
66;337;350;287;283;307;389;350;278;276;280;328;256;279;344;301;343;380;324;250;207;263;298;287;370;325;346;287;294;407;307;373;345;266;352;282;274;234;313;361;353;308;275;251;258;294;285;313;298;298;243;282;322;261;216;287;285;259;250;285;330;283;312;286;391;228;297;239;186;192;243;244;176;229;286;292;336;250;305;258;261;232;219;256;212;192;203;220;225;210;236
68;342;347;254;228;262;423;351;286;275;287;330;258;274;342;303;346;356;305;208;222;269;297;301;376;289;340;286;291;421;307;377;343;267;352;291;319;238;315;363;355;311;283;249;258;306;275;323;298;301;246;284;331;259;252;269;268;265;254;294;289;287;310;287;390;228;302;248;183;228;248;238;236;233;285;267;286;257;330;294;260;237;220;256;228;225;197;166;232;221;240
70;315;336;278;277;306;422;345;318;272;253;332;258;268;341;303;348;380;327;256;211;250;295;301;381;333;362;264;290;417;308;379;341;265;304;293;290;244;316;310;358;314;292;247;260;308;280;334;299;305;249;285;341;195;251;293;297;270;207;303;296;259;309;286;404;230;306;247;178;227;252;226;230;239;233;275;334;266;301;290;259;242;223;255;231;200;192;207;239;231;244
72;341;355;275;285;303;471;348;294;252;288;338;261;271;342;310;347;342;301;258;227;267;299;297;315;333;336;288;296;420;313;378;334;270;338;294;320;254;351;354;370;316;291;252;262;309;278;324;300;307;251;292;304;251;256;202;294;269;265;229;242;286;322;293;398;194;307;247;227;226;260;243;231;236;282;281;271;250;307;296;204;243;167;263;232;199;198;188;172;234;243
74;311;362;280;293;288;424;351;294;260;292;344;264;274;343;340;346;364;333;260;219;220;303;258;371;333;338;264;294;423;318;377;327;275;354;295;324;264;342;357;382;318;290;257;264;310;276;314;301;309;253;299;331;183;259;277;291;268;271;283;282;283;335;300;392;230;308;243;200;233;268;254;232;233;279;287;324;266;313;288;202;172;223;271;168;168;204;209;223;237;242
76;341;379;281;305;293;427;354;294;250;296;350;267;277;344;324;345;356;336;262;229;253;307;289;364;333;340;292;296;426;323;376;320;282;360;296;328;274;343;362;398;320;289;262;266;317;274;276;302;311;255;306;324;247;266;235;288;255;277;273;275;280;348;307;378;230;309;247;211;224;276;265;233;184;276;293;319;266;325;308;244;245;223;279;234;197;210;210;215;240;241
78;341;380;282;315;294;416;357;294;248;300;356;270;280;345;331;344;348;339;308;235;246;311;249;361;333;342;288;290;429;328;375;313;285;358;311;332;284;352;361;406;322;288;267;268;286;272;294;303;313;257;313;321;245;271;261;285;266;283;263;292;212;361;314;380;230;310;197;222;156;284;276;206;227;273;299;314;266;325;304;239;246;223;287;227;156;216;211;207;243;240
80;341;391;258;315;291;432;359;292;244;350;364;271;284;291;333;344;273;341;267;280;240;317;293;370;334;342;295;301;434;328;361;304;288;361;299;367;294;363;359;417;323;284;274;305;313;272;282;305;317;258;322;315;241;274;253;262;235;289;218;235;273;376;321;324;225;311;247;231;223;294;286;234;225;271;303;309;235;331;349;236;246;242;296;237;193;220;213;199;246;238
82;347;358;277;313;299;399;359;291;260;304;343;273;293;345;256;344;331;344;268;239;227;318;284;420;334;324;294;301;435;332;372;311;212;360;298;339;293;358;356;415;319;282;281;280;302;275;308;274;315;253;324;320;249;241;287;282;263;264;260;269;270;351;310;376;239;310;235;233;214;287;254;234;238;278;302;310;259;339;313;239;250;231;293;242;166;220;214;210;255;251
84;387;387;239;311;307;418;359;290;260;302;346;275;302;344;315;344;280;347;269;245;250;319;285;386;334;306;293;317;436;332;371;318;252;359;297;347;292;333;353;413;315;231;288;269;303;278;302;315;313;246;326;325;257;272;273;229;211;275;269;283;267;358;230;365;247;309;251;235;237;280;282;234;239;285;301;311;214;355;307;242;254;238;290;247;197;220;215;221;264;256
86;359;385;265;309;315;399;359;289;268;278;337;277;311;343;276;344;313;350;270;247;255;320;252;400;334;302;278;301;437;332;370;325;245;358;296;343;291;348;350;411;311;274;305;268;298;281;312;302;311;210;328;330;265;271;283;278;259;234;278;281;228;349;288;382;255;308;253;237;269;273;280;190;264;292;300;312;247;355;248;245;212;245;287;202;199;220;216;232;273;265
88;365;383;241;307;323;404;359;288;276;298;328;279;320;342;293;316;304;331;271;273;282;321;287;414;290;240;291;301;438;332;367;332;244;357;295;345;290;343;347;409;307;270;302;267;293;272;322;303;309;238;330;335;291;270;285;220;243;261;287;287;261;340;250;385;233;307;255;239;285;266;278;234;277;299;299;313;208;363;295;248;262;252;284;257;205;220;152;216;282;274
90;337;383;252;304;333;399;360;288;285;307;321;282;327;343;284;346;295;356;270;244;265;323;286;429;333;250;276;290;437;332;367;339;211;341;296;346;287;340;303;408;302;266;309;205;290;287;332;301;308;234;300;339;242;268;305;272;255;253;295;294;237;330;268;389;272;314;256;240;256;212;275;296;290;232;296;314;234;372;281;252;268;260;282;263;178;218;219;256;292;281
92;381;392;247;305;316;405;359;285;285;303;321;285;328;339;289;341;296;361;240;253;268;322;297;427;329;301;303;304;444;333;361;339;246;360;293;364;289;338;344;403;304;270;313;247;291;254;331;314;308;236;305;321;273;270;272;269;238;277;291;266;265;327;257;389;261;301;266;237;259;266;277;238;286;307;295;314;233;371;291;251;275;234;281;267;201;225;227;170;291;277
94;375;401;258;306;323;411;358;282;285;311;321;288;329;335;294;348;297;366;266;256;271;321;308;425;329;354;304;306;447;334;355;339;245;363;290;354;291;336;345;398;306;274;317;264;292;281;330;303;308;238;300;315;175;272;287;288;253;257;287;278;252;324;270;389;254;298;274;214;250;274;257;243;282;307;294;314;232;370;293;250;282;252;280;271;214;232;235;232;290;273
96;377;410;261;307;318;417;326;249;285;323;325;291;330;317;299;337;298;371;264;259;274;320;319;379;327;331;311;308;450;335;311;339;252;366;283;366;293;334;346;393;308;278;321;263;293;278;329;310;308;240;285;303;259;274;230;225;252;283;283;212;281;321;271;381;206;295;286;227;265;282;281;248;228;307;293;314;231;369;295;249;289;248;279;275;199;239;243;184;289;269
98;379;417;264;308;313;423;356;276;285;327;321;294;331;327;304;350;299;376;270;226;277;319;330;421;325;342;318;310;453;336;343;339;259;369;284;334;295;332;347;388;310;282;325;262;268;275;328;307;308;242;270;291;236;266;269;260;251;273;279;262;289;284;272;389;236;292;276;228;222;290;259;205;274;258;292;314;230;354;242;248;296;244;278;279;146;246;251;208;288;265
100;381;426;267;308;287;431;353;272;283;336;322;295;333;322;311;352;301;380;240;263;278;320;353;419;322;366;325;327;457;335;337;341;285;371;280;368;321;329;347;383;311;285;328;261;297;272;327;318;308;242;257;280;244;278;261;247;217;301;274;255;296;314;273;380;186;288;305;224;272;300;286;257;269;305;287;314;227;368;297;245;303;228;278;283;198;255;261;158;285;263
102;382;427;273;313;328;432;356;277;286;335;326;296;330;327;313;356;308;432;260;264;278;326;341;425;338;364;326;313;462;342;335;342;269;335;283;355;306;340;352;384;312;288;325;265;297;278;326;288;303;247;263;288;246;276;266;262;261;266;272;260;252;317;273;389;231;286;297;225;271;268;298;262;266;306;287;315;255;370;286;245;256;248;281;236;201;257;265;201;282;268
104;387;428;279;318;313;433;359;282;285;334;332;297;327;332;315;352;315;396;251;265;278;332;343;431;342;362;327;313;467;349;333;343;271;363;286;358;315;351;357;385;313;291;322;271;297;284;325;314;298;252;269;296;248;274;271;265;273;295;258;265;286;320;273;364;207;260;289;226;270;296;366;267;200;307;271;316;225;372;275;245;281;250;284;281;204;259;269;208;279;273
106;390;411;295;323;316;424;362;287;286;333;334;298;324;337;317;364;322;404;262;266;274;348;345;437;352;360;328;303;472;366;331;344;273;349;313;333;324;362;362;386;314;294;319;277;297;290;307;312;293;257;275;304;250;272;276;268;285;292;268;270;242;283;283;391;235;278;241;227;269;234;322;272;260;304;275;317;239;374;242;245;248;268;287;274;205;261;273;215;276;278
108;393;430;291;328;299;435;365;292;277;332;338;299;321;342;319;346;329;398;263;273;278;344;347;441;362;358;329;325;477;363;329;345;275;355;292;348;369;373;399;387;315;297;316;283;297;296;335;310;288;262;281;312;274;270;281;212;297;289;266;275;294;326;265;392;223;274;273;228;268;292;334;279;245;309;257;278;241;376;253;245;259;278;290;279;274;263;277;222;273;283
110;396;431;299;334;321;434;366;299;288;331;344;300;318;345;319;371;336;420;264;268;276;349;320;451;372;358;332;307;484;371;329;344;275;351;296;341;353;382;372;383;315;298;314;273;296;302;323;300;284;267;289;318;211;267;285;274;307;286;264;280;260;329;274;394;239;268;267;231;241;288;330;281;252;311;264;318;249;336;244;243;216;290;295;277;215;263;279;230;271;287
112;402;475;294;331;313;438;331;300;278;332;347;303;323;345;319;373;337;422;267;270;278;355;352;382;373;359;334;317;485;373;330;345;278;353;258;371;312;380;376;389;318;300;316;286;298;300;327;315;284;250;288;319;261;268;270;262;282;286;266;252;276;332;250;390;230;266;258;294;267;283;340;286;227;308;271;236;226;375;247;247;253;289;298;278;247;254;276;184;270;292
114;408;451;297;336;317;442;364;301;284;333;350;306;328;345;307;389;338;434;274;250;274;361;340;437;374;348;314;319;452;375;331;346;281;349;298;349;325;378;380;391;321;302;318;275;300;298;331;320;284;249;287;320;269;269;283;270;307;286;268;276;282;335;270;386;185;264;214;245;246;264;330;291;246;263;278;308;245;330;250;251;256;288;301;279;207;166;273;218;269;297
116;414;469;270;337;301;446;335;302;258;334;353;309;333;345;319;377;339;426;273;274;282;367;360;430;375;361;338;321;487;377;332;347;284;357;299;353;290;356;416;393;324;304;320;284;302;278;364;325;284;258;286;321;277;270;282;268;307;286;270;274;288;338;260;382;173;262;240;252;265;273;332;296;194;302;285;303;243;373;253;255;259;287;304;280;221;182;270;202;268;302
118;420;471;295;338;313;450;366;303;280;335;356;312;338;345;311;387;340;428;276;276;270;373;364;423;408;362;340;311;460;379;333;348;287;357;326;357;307;374;388;395;327;306;322;283;304;294;339;322;284;255;285;322;285;271;281;266;307;286;292;272;294;337;268;378;203;260;192;259;264;230;276;301;240;299;292;298;241;372;246;259;262;286;307;257;207;227;267;206;267;307
120;426;488;293;340;310;455;360;302;278;340;357;315;341;344;318;381;341;410;279;282;284;378;370;414;377;361;341;364;489;380;335;348;291;361;301;361;290;374;390;401;328;308;322;281;306;293;344;335;285;250;282;321;309;271;260;254;305;285;275;256;302;343;250;376;224;258;222;266;262;264;325;307;235;297;301;292;241;385;257;262;264;238;312;282;223;219;266;201;264;310
122;392;455;306;346;320;457;367;305;299;342;357;314;342;370;320;388;345;432;285;258;286;379;370;418;390;360;344;323;491;381;340;352;263;363;313;359;298;383;393;396;334;378;296;284;309;305;345;322;288;254;281;318;284;278;282;269;302;272;274;268;257;256;264;377;243;264;224;260;266;281;250;301;242;273;311;294;246;363;234;263;266;284;271;273;204;232;270;205;266;308
124;426;490;301;352;318;459;374;308;292;346;357;315;343;356;322;395;349;436;287;276;288;380;370;422;383;359;373;327;493;382;341;356;283;365;305;357;298;392;396;397;340;320;310;287;312;301;346;333;291;258;280;315;275;285;272;221;293;283;265;268;296;323;264;378;223;270;226;254;298;276;319;295;245;293;321;296;251;395;255;264;268;260;252;268;235;245;274;209;268;306
126;478;455;316;358;322;461;381;311;299;350;357;316;344;362;324;402;353;440;291;275;290;381;370;440;386;348;344;329;495;383;344;360;279;367;307;355;298;401;399;398;346;326;316;290;315;305;347;326;294;262;279;312;244;292;286;275;296;262;272;268;293;309;264;379;281;276;228;248;274;282;316;289;250;249;331;298;280;377;254;265;270;284;279;259;218;258;278;213;270;304
128;426;486;313;364;322;463;372;314;304;354;357;317;345;368;326;409;357;399;295;274;304;382;370;430;377;357;361;345;497;384;323;364;275;385;303;353;298;408;402;399;352;332;314;293;318;297;352;341;297;266;270;309;257;299;272;278;275;291;271;268;290;303;228;376;251;246;230;242;278;288;327;283;216;289;341;300;243;397;253;266;272;246;268;254;227;271;282;172;272;302
130;428;487;319;371;332;465;393;318;321;359;355;316;347;372;329;414;360;450;301;274;296;384;372;434;394;355;354;333;499;387;352;365;271;371;330;350;298;417;405;398;358;338;310;295;319;313;340;329;300;269;276;308;247;305;290;279;290;279;272;266;249;291;263;383;265;286;217;238;284;288;286;275;259;288;353;302;268;383;247;264;276;285;259;245;229;283;286;222;274;298
132;431;492;303;372;330;466;375;323;308;362;359;320;346;373;331;417;363;455;293;292;298;386;374;437;377;357;379;359;504;387;353;365;273;373;314;376;303;413;424;402;357;286;312;299;322;266;348;332;307;269;278;316;247;303;294;282;286;291;273;270;286;302;224;381;256;284;237;240;289;301;310;277;259;294;350;305;231;384;257;263;278;284;260;247;236;279;284;225;273;276
134;434;497;325;373;332;467;393;328;311;365;363;324;345;374;323;420;366;480;305;282;276;388;376;440;388;359;354;341;509;387;354;363;275;375;358;358;308;409;415;406;356;336;314;303;325;309;348;335;314;269;280;324;233;301;304;295;282;287;274;274;257;309;267;379;247;282;241;242;294;306;263;279;259;280;347;308;258;365;261;260;264;283;261;249;243;275;282;228;272;282
136;437;502;325;374;332;468;373;333;310;368;367;330;344;375;335;423;369;461;307;308;302;390;378;443;385;361;375;345;514;387;343;361;277;377;318;362;313;383;420;410;355;335;316;307;328;307;348;338;321;269;282;332;247;299;302;288;250;291;263;278;288;316;269;377;232;249;245;244;299;311;310;281;259;306;344;311;253;392;269;257;282;282;262;251;250;271;280;231;271;274
138;440;466;335;375;332;469;417;338;311;371;359;316;343;376;337;430;372;470;309;290;304;392;380;446;382;363;356;349;519;387;356;359;279;351;320;366;318;401;425;414;354;334;318;305;331;334;348;316;328;269;284;340;247;297;306;291;274;295;276;282;285;313;323;375;229;278;223;246;304;316;264;283;239;294;341;314;248;387;275;254;284;281;263;221;257;267;278;234;270;266
140;441;510;329;377;333;468;393;341;309;374;373;336;344;377;339;429;374;443;310;293;307;393;382;450;380;365;377;358;526;389;349;358;279;381;323;368;358;399;448;419;355;331;320;314;333;301;350;345;334;267;284;347;246;297;299;295;272;298;261;284;290;332;275;375;219;275;255;250;311;319;311;287;259;319;339;315;242;421;280;253;288;232;268;253;265;261;274;237;268;257
142;451;507;333;379;338;469;401;342;347;377;375;324;348;383;346;438;373;491;311;295;310;392;377;462;398;369;359;354;526;395;361;347;276;385;349;370;358;403;434;424;361;329;322;311;337;318;321;328;332;266;284;342;243;290;332;297;282;293;278;281;222;268;274;376;222;274;242;254;307;298;305;289;257;304;341;309;270;392;276;244;264;285;277;251;189;262;279;241;265;255
144;469;524;337;369;343;470;409;343;321;380;377;340;352;389;381;439;372;463;312;313;313;391;372;466;388;373;383;354;530;401;363;348;273;389;327;372;340;407;438;429;367;311;324;312;341;311;348;343;330;265;284;337;240;283;299;285;292;288;275;278;276;328;212;377;231;236;261;258;303;301;329;295;255;321;343;303;254;409;272;251;272;262;290;249;249;263;284;180;262;253
146;471;501;341;383;348;471;421;344;345;383;365;342;356;395;360;444;371;485;313;299;316;390;365;474;414;377;386;354;532;407;365;341;262;393;329;374;348;411;442;434;373;325;326;311;345;348;329;342;328;264;284;332;225;276;278;301;302;283;280;275;229;326;272;378;228;272;264;262;299;272;321;301;253;322;345;297;262;398;242;250;264;291;303;247;215;264;289;249;259;251
148;495;536;345;369;353;472;425;345;329;386;381;344;360;401;367;449;370;477;314;301;325;389;362;482;370;381;407;386;534;413;367;338;267;397;305;376;336;415;446;439;379;323;328;310;349;321;346;343;326;263;254;327;234;267;251;303;294;278;275;272;262;324;271;379;196;271;291;266;295;283;339;307;251;323;305;291;266;411;264;249;256;248;316;245;233;265;294;253;256;249
150;491;506;347;389;409;471;433;346;340;387;383;344;363;405;373;454;368;495;317;303;324;389;327;489;402;384;390;352;538;417;371;331;265;402;344;380;362;419;449;446;385;323;329;310;351;328;374;338;325;261;284;299;229;261;302;307;323;274;282;269;253;322;272;382;236;269;272;269;278;248;319;313;251;322;348;283;274;402;234;247;246;298;328;245;224;267;298;257;255;245
152;498;517;347;375;359;474;430;347;339;388;432;365;355;404;375;455;370;460;318;307;326;394;356;492;381;385;391;385;542;421;357;336;268;405;332;381;322;419;465;450;378;325;330;314;353;293;377;343;324;264;265;322;290;265;270;305;269;277;277;272;256;329;272;380;238;271;276;268;291;282;322;315;248;311;342;280;247;442;260;249;242;291;318;247;228;269;298;253;255;271
154;505;484;347;393;361;477;427;348;338;389;393;345;363;403;367;458;372;491;319;311;328;399;327;495;400;362;366;362;546;425;379;341;271;408;348;382;352;419;465;454;387;327;331;318;355;326;356;334;323;267;282;321;239;275;290;303;313;280;276;275;220;298;282;378;240;273;274;267;238;284;262;317;245;220;340;277;270;414;262;251;196;284;294;192;232;271;298;249;255;257
156;512;519;347;395;363;480;420;349;337;390;420;365;363;402;379;457;374;489;320;315;330;404;358;498;381;387;393;383;550;429;377;346;274;411;340;383;343;419;473;458;388;329;332;322;357;325;361;341;322;270;281;320;244;273;264;301;300;283;273;278;262;343;266;376;242;275;284;266;287;294;312;319;210;285;304;274;264;426;264;253;234;214;298;251;236;273;298;231;255;263
158;519;492;347;397;365;483;421;350;336;391;403;352;363;401;359;458;376;487;347;319;332;409;359;501;398;382;394;354;554;433;395;351;277;414;358;384;342;419;481;462;389;331;333;326;359;362;366;326;321;273;280;317;204;277;278;299;303;286;270;281;265;350;278;374;244;277;288;265;285;272;295;321;239;260;334;271;266;414;260;249;230;270;288;253;234;275;298;241;255;269
160;528;520;348;399;366;488;395;349;333;393;410;373;364;402;383;459;380;487;324;321;335;416;358;503;411;388;396;393;556;437;389;357;281;417;344;385;335;420;489;468;392;335;332;332;360;318;373;343;322;274;260;316;252;283;233;297;299;289;266;286;269;358;271;373;236;279;316;266;282;316;301;322;237;260;330;267;262;425;267;257;227;265;280;256;243;277;299;238;255;277
162;533;510;352;404;369;491;420;350;338;394;397;364;366;401;372;461;377;496;327;323;334;418;339;505;396;392;379;369;558;440;400;324;286;414;350;386;337;423;490;469;394;337;335;333;357;362;368;345;320;273;278;317;255;282;272;295;305;287;269;288;266;342;272;378;247;281;287;260;282;303;297;315;242;273;341;263;274;425;271;250;228;265;283;261;221;271;291;286;259;275
164;538;524;356;409;372;494;423;351;337;395;408;369;368;400;381;463;374;503;330;325;333;420;356;507;396;396;410;367;560;443;395;343;291;415;324;387;292;426;491;470;396;337;338;334;354;326;363;363;318;272;254;318;258;281;273;293;305;285;270;290;275;326;249;383;234;254;284;254;282;302;293;308;247;328;352;259;314;467;275;251;229;265;286;266;231;265;283;250;263;273
166;543;510;360;414;375;497;426;352;342;396;407;370;370;399;378;465;371;520;333;327;332;422;355;509;396;400;376;334;562;446;398;300;296;414;364;388;337;429;492;471;398;341;341;335;351;356;358;349;312;271;278;284;261;280;274;291;317;283;271;292;278;240;274;388;253;285;267;248;282;301;266;301;252;299;363;255;308;425;279;238;230;265;289;271;182;259;275;256;267;271
168;548;528;364;419;378;500;429;353;345;397;418;371;372;398;379;467;368;507;336;329;331;424;354;511;386;404;408;359;564;449;372;329;301;413;360;389;327;432;493;472;400;343;334;336;348;338;353;351;314;270;258;320;264;279;275;289;323;281;268;294;281;294;269;393;256;267;278;242;282;300;285;294;257;312;374;251;304;449;283;245;231;209;292;276;219;253;267;262;271;269
170;552;519;368;423;383;505;431;354;349;398;405;372;374;396;365;467;365;532;338;331;330;428;355;515;395;408;387;357;568;453;403;321;304;412;379;392;338;437;493;473;400;345;347;335;345;360;349;355;314;267;278;326;219;276;277;288;330;280;272;294;282;257;276;398;259;288;259;235;236;259;254;289;260;324;383;248;312;411;285;243;232;266;295;280;215;245;258;270;276;266
172;553;534;368;417;377;509;436;356;352;400;420;379;377;400;381;471;368;534;341;332;331;429;359;514;398;409;414;388;573;454;405;331;305;416;367;395;338;438;496;473;402;346;348;340;348;340;350;359;317;269;280;330;262;278;244;288;306;281;273;295;279;280;278;397;228;266;282;240;286;296;290;287;257;313;377;260;250;425;287;247;241;272;297;278;252;239;258;268;272;270
174;554;511;368;423;383;513;441;358;355;402;419;384;380;404;361;475;371;536;344;333;332;430;363;513;419;410;382;371;578;455;407;341;306;420;393;398;338;439;499;473;404;347;349;341;351;352;351;363;320;271;282;308;229;280;275;288;328;282;274;296;260;283;280;396;257;284;287;245;292;247;298;243;254;282;371;272;296;417;289;251;250;312;299;276;217;233;258;266;268;274
176;555;544;368;423;383;517;446;360;358;404;452;403;383;408;389;479;374;538;347;334;333;431;367;502;404;411;414;412;583;456;409;351;307;424;371;401;328;440;502;473;406;348;350;344;354;346;352;367;323;273;264;302;256;282;274;288;317;283;275;297;273;286;282;395;243;280;296;250;328;294;320;283;251;291;327;284;266;425;291;255;259;284;301;274;218;227;258;264;264;278
178;556;549;368;423;383;521;451;362;361;406;433;386;386;412;393;483;377;540;350;335;334;432;371;511;409;404;414;385;588;457;411;361;308;428;373;404;364;441;505;473;408;349;351;347;357;372;353;350;326;275;286;248;215;284;273;288;326;284;276;298;270;289;314;394;255;280;267;255;304;293;288;281;248;222;359;296;280;421;293;231;242;290;303;268;178;221;258;262;260;282
180;557;553;370;425;383;527;458;366;362;410;462;397;390;416;395;486;379;543;351;337;337;433;374;508;409;414;420;399;592;459;401;371;308;431;373;407;340;442;506;474;411;348;350;352;359;352;365;374;330;275;286;292;251;287;272;287;324;287;276;299;268;293;284;392;252;273;310;262;312;292;321;279;244;267;307;372;270;429;294;261;275;284;303;269;220;216;256;259;257;284
182;560;556;375;428;385;528;462;368;367;413;425;396;394;416;395;487;419;548;354;339;335;434;375;511;438;413;421;374;590;461;415;374;308;432;381;408;344;446;510;473;415;351;354;354;360;370;356;355;330;276;386;264;213;287;277;286;359;289;282;300;271;290;287;393;254;281;294;263;313;296;321;281;243;221;350;355;274;425;289;253;276;295;297;250;229;212;261;265;258;283
184;563;559;380;431;369;529;454;370;372;416;469;411;398;416;395;488;445;553;357;341;337;435;376;514;415;412;422;405;588;463;419;377;308;433;381;409;348;446;514;472;419;354;358;356;361;360;361;376;330;277;366;300;243;285;282;285;334;291;288;301;274;287;287;394;254;275;290;264;314;300;321;283;242;269;331;312;278;423;318;269;277;284;291;267;238;208;266;271;259;282
186;566;558;385;434;389;530;470;372;377;419;439;406;402;416;378;489;385;558;360;343;337;436;377;517;418;411;419;396;586;465;433;380;308;434;385;410;352;448;518;471;423;357;362;358;362;368;338;377;330;278;328;304;210;287;287;284;339;293;294;302;277;284;287;395;254;289;246;265;315;304;290;285;241;270;364;313;282;407;297;273;278;289;285;266;247;204;271;277;260;281
188;569;565;390;437;391;531;474;374;382;422;468;409;404;416;395;490;387;551;363;345;337;437;378;520;421;410;432;419;584;467;423;385;308;435;383;411;356;450;522;470;427;348;366;360;363;368;375;384;330;279;300;308;235;287;292;283;330;295;300;303;280;281;279;396;244;293;278;266;316;308;321;287;240;271;347;270;286;419;298;277;279;286;279;265;276;200;276;283;261;280
190;570;566;393;439;393;533;479;378;385;424;421;410;411;418;387;489;328;566;368;346;336;438;377;524;425;408;420;394;584;467;430;384;308;438;392;413;360;451;525;471;430;362;370;363;366;371;359;381;332;280;354;286;227;288;299;282;350;297;308;302;284;220;287;399;256;299;271;266;315;313;319;291;240;271;347;238;288;415;298;281;280;285;273;262;267;195;282;287;264;277
192;574;570;396;442;396;536;479;381;385;425;471;426;413;420;400;489;388;567;370;347;339;441;382;524;424;413;431;434;586;471;415;383;311;440;392;416;361;452;527;473;433;364;371;365;366;372;392;385;335;280;319;310;234;290;268;283;310;298;306;306;287;272;237;405;226;283;270;264;312;310;326;297;246;290;307;309;287;426;300;281;285;288;273;268;271;200;282;285;237;275
194;578;574;399;445;399;539;479;384;385;426;447;412;415;422;392;489;387;568;372;348;342;444;387;524;429;418;428;408;576;475;432;374;314;442;392;419;384;453;529;475;436;366;378;367;366;373;365;389;320;280;340;300;194;292;291;284;340;299;304;310;290;220;271;411;252;299;263;262;299;291;333;303;252;277;347;304;286;421;286;263;278;291;273;274;275;205;282;283;254;273
196;582;578;402;448;402;542;479;387;385;427;450;416;413;424;410;489;386;561;374;349;345;447;392;524;422;423;443;429;590;479;417;381;317;444;392;422;363;454;531;477;439;368;373;369;366;374;388;393;341;280;296;310;236;294;287;285;321;300;292;314;293;262;214;417;228;299;268;260;306;304;350;309;258;280;347;299;285;424;304;281;299;288;273;280;279;200;282;281;249;271
198;586;582;405;451;405;545;479;390;385;428;427;403;429;426;409;489;358;570;376;350;348;450;397;524;425;428;446;418;590;483;456;380;320;446;392;425;390;455;533;479;442;370;374;371;366;375;365;397;344;280;326;294;237;296;283;286;330;301;300;318;296;257;261;423;248;299;257;258;272;267;347;315;264;283;347;294;288;417;284;281;300;297;273;286;283;215;282;279;244;269
200;590;588;406;453;408;550;479;393;386;427;461;421;422;428;419;487;384;570;379;352;350;452;401;525;420;432;453;436;592;486;435;380;321;448;391;427;335;454;533;479;445;374;376;375;364;376;374;400;345;282;300;312;237;297;279;287;327;303;298;321;297;254;245;428;229;298;269;255;301;297;356;322;269;284;336;288;275;428;306;283;306;298;273;292;287;258;283;277;239;266
202;593;556;407;458;407;553;480;393;388;431;434;422;435;428;418;491;372;572;382;353;346;454;403;524;423;433;454;425;579;486;441;374;320;448;394;431;368;456;533;479;447;379;379;379;367;379;350;401;346;284;320;262;237;300;283;294;330;302;301;317;299;259;248;427;247;301;253;257;303;292;359;308;260;238;379;288;288;421;305;275;260;305;275;284;259;235;274;284;242;259
204;596;580;408;463;406;556;463;397;390;435;475;423;428;428;417;495;376;574;385;354;346;456;405;517;426;434;455;426;594;486;443;390;319;448;397;435;363;458;533;479;449;384;380;383;370;382;382;402;347;286;304;300;237;293;287;301;333;301;304;313;301;324;251;426;239;294;267;259;305;287;366;308;208;276;362;288;291;426;304;283;298;312;277;276;271;248;265;291;245;252
206;599;566;409;468;405;559;482;399;392;439;441;418;431;428;416;499;370;576;388;355;344;458;407;522;429;435;444;427;595;486;447;392;318;448;400;439;370;460;533;479;451;389;385;387;373;385;364;403;348;288;324;294;219;306;291;308;336;300;307;309;303;269;254;425;263;303;267;261;307;282;365;304;242;256;369;288;294;425;303;283;268;319;279;268;263;261;242;298;248;245
208;602;572;410;473;404;562;463;401;394;443;467;429;424;428;415;503;368;558;391;356;344;460;409;521;432;436;465;444;596;486;451;432;317;448;403;443;355;462;533;479;453;394;388;391;376;386;403;404;349;290;316;288;237;309;295;315;339;299;310;305;305;274;257;424;253;274;285;263;309;277;378;298;200;268;364;288;271;424;302;283;290;326;281;260;255;274;247;305;251;238
210;605;567;410;480;404;564;486;402;395;446;457;417;437;430;413;509;363;580;392;355;340;463;410;522;442;435;446;429;596;484;457;399;318;446;408;449;372;464;532;479;454;399;395;393;377;390;373;405;351;294;326;280;236;314;300;322;340;298;313;300;309;254;262;425;257;306;222;266;311;265;370;294;225;262;385;288;299;422;299;281;274;335;285;232;247;289;238;310;255;230
212;603;572;413;479;403;561;469;403;397;448;483;448;437;433;418;511;370;552;394;357;344;463;410;523;436;439;470;437;600;486;439;417;322;445;411;453;366;464;531;482;456;389;391;397;376;391;408;408;350;294;315;287;237;315;298;321;340;297;299;302;308;282;259;421;258;301;267;265;313;274;372;297;232;267;365;286;281;424;304;284;286;308;289;254;246;281;239;308;256;238
214;601;553;416;478;402;558;484;404;399;450;469;431;437;430;421;513;377;576;396;359;348;463;410;524;436;443;444;437;598;488;475;405;326;444;414;457;384;464;530;485;458;399;409;401;375;392;383;411;343;294;324;286;234;316;296;320;340;296;313;300;307;286;256;417;259;304;262;264;315;277;374;300;279;272;373;284;299;424;309;263;258;309;293;254;241;273;240;306;257;246
216;599;582;419;477;401;555;483;405;401;444;501;434;416;439;424;515;384;562;398;361;352;463;410;525;436;447;478;445;608;490;445;411;330;443;417;461;372;464;529;488;460;391;399;405;374;393;396;414;348;294;323;327;239;317;294;319;340;295;313;306;306;290;253;413;258;303;269;263;317;280;376;303;246;277;367;282;299;428;314;290;282;230;297;262;244;265;241;304;258;254
218;597;587;422;476;400;552;482;406;403;454;477;428;437;442;423;517;391;572;400;363;356;463;410;526;450;435;484;445;612;492;497;415;334;442;420;465;372;464;528;491;462;399;401;409;373;394;393;407;341;294;322;308;213;318;292;318;348;294;313;308;305;294;250;409;261;302;248;262;319;281;378;306;253;282;361;264;299;414;319;293;248;283;301;266;243;257;242;302;259;262
220;597;591;424;475;401;551;483;409;403;458;485;441;437;444;429;521;399;572;400;367;362;462;412;522;426;455;498;447;614;496;455;424;336;442;424;467;356;463;528;492;462;396;401;411;374;394;400;421;347;296;310;315;239;317;291;317;342;293;311;308;304;299;241;405;250;281;282;261;319;288;386;310;244;285;333;278;289;431;326;295;277;232;307;269;241;250;244;301;262;272
222;603;594;425;476;406;551;487;410;405;461;472;426;450;446;430;525;384;592;403;371;361;463;413;525;438;455;474;450;615;498;497;412;337;447;425;470;384;465;534;496;464;403;405;414;376;397;397;420;324;273;327;315;241;320;297;315;346;294;315;307;303;301;254;406;263;301;244;260;318;261;346;311;265;285;373;245;302;432;315;292;280;279;307;272;239;251;238;298;263;274
224;609;597;426;477;411;551;491;411;407;464;522;441;443;448;431;529;397;576;406;375;360;464;414;522;440;455;488;488;620;500;463;410;338;452;426;473;356;467;540;500;466;404;409;417;378;400;404;419;345;294;326;315;243;323;303;329;350;295;319;306;302;303;261;407;232;277;272;259;317;284;376;312;270;285;417;276;305;433;332;293;345;286;307;275;237;252;232;295;264;276
226;615;600;427;478;416;551;495;412;409;467;485;439;446;450;430;533;396;578;409;379;359;465;415;519;442;455;488;456;623;502;491;406;339;457;427;476;394;469;546;504;468;409;423;420;380;403;395;418;342;293;337;315;245;326;309;311;354;296;323;305;301;305;268;408;265;305;270;258;316;282;374;313;275;285;405;257;308;432;335;280;272;343;307;254;235;253;226;292;265;278
228;621;603;428;479;421;551;499;413;411;468;519;441;449;452;433;537;395;554;412;383;358;466;416;516;444;455;488;490;626;504;471;402;340;462;428;479;386;467;552;508;470;412;411;423;382;406;394;417;343;292;342;315;247;329;315;309;358;297;327;304;300;307;275;409;266;289;306;245;315;280;372;314;280;285;421;274;289;469;338;291;289;282;307;295;233;254;188;281;266;280
230;627;604;430;480;424;553;503;414;414;475;495;434;451;453;433;539;394;581;414;385;357;467;417;512;446;451;488;464;628;507;475;399;340;468;427;483;390;473;556;510;473;417;421;424;383;411;391;412;341;291;346;314;232;333;319;295;363;298;331;301;299;309;281;411;267;309;252;254;316;248;368;315;287;287;437;274;312;435;384;289;253;308;307;282;231;256;191;286;269;280
232;627;608;432;485;424;553;502;417;415;475;534;443;452;456;439;544;397;576;414;387;360;471;421;514;440;455;492;504;631;509;460;404;337;471;429;485;354;475;559;512;473;402;421;427;388;411;397;419;345;298;330;322;251;333;316;310;350;300;321;307;299;318;281;414;259;310;274;258;317;281;370;314;285;279;399;278;308;455;342;292;293;261;301;284;230;217;222;285;268;276
234;627;612;434;490;424;553;527;420;416;475;503;446;453;459;445;549;388;575;414;389;363;473;425;516;442;455;496;474;634;507;479;409;334;474;431;487;388;477;562;514;473;419;421;430;393;411;395;404;349;297;346;328;246;333;313;311;361;302;327;313;299;363;283;417;267;311;264;262;318;282;372;313;287;263;417;282;312;447;312;295;258;294;295;286;229;234;231;284;267;272
236;627;616;436;495;424;553;496;423;417;469;532;467;454;462;451;554;403;572;414;391;366;475;429;518;440;459;500;502;637;513;472;414;331;477;433;489;385;479;565;516;473;420;421;433;412;411;415;421;353;300;346;334;253;323;310;312;360;304;325;319;299;336;281;420;242;308;278;266;319;287;374;312;281;263;407;286;312;461;346;298;293;230;289;288;228;217;240;283;266;268
238;627;608;438;500;424;553;499;426;418;475;501;430;457;465;457;559;370;569;414;393;369;467;433;520;438;461;500;484;640;515;485;419;328;480;435;491;386;481;568;518;473;421;427;436;433;411;399;422;357;287;346;340;254;333;307;313;359;306;323;325;299;298;281;421;273;313;246;270;310;284;376;311;279;202;397;266;312;445;344;279;289;280;283;288;227;212;249;282;265;264
240;628;622;441;503;425;551;478;428;420;471;534;453;458;470;462;562;408;564;412;396;373;478;436;523;434;462;506;489;641;517;468;425;325;483;437;494;383;483;569;522;475;422;423;440;406;413;413;425;362;304;347;346;256;331;304;313;357;310;323;330;301;354;283;428;250;312;286;275;322;287;380;311;241;249;326;293;292;464;348;306;294;273;279;293;228;215;258;279;264;258
242;631;625;441;504;429;553;503;430;423;479;501;442;460;469;465;565;375;568;415;396;372;464;440;525;438;464;482;488;637;517;497;421;327;486;440;498;388;488;572;524;480;447;440;443;408;416;401;426;362;304;351;344;240;333;309;311;358;313;328;328;303;321;283;420;279;312;283;277;320;269;380;315;280;253;382;297;313;454;345;304;288;287;286;257;223;216;255;284;263;263
244;630;628;441;505;433;555;494;432;426;483;516;453;462;470;468;568;406;572;418;396;371;478;444;527;442;503;504;493;633;517;478;419;329;489;443;502;393;493;575;526;485;432;433;446;374;419;418;427;362;304;355;342;252;335;314;309;359;316;329;326;305;348;251;428;262;310;328;279;318;291;384;319;258;257;350;301;316;470;342;302;310;269;293;297;218;229;252;289;262;268
246;637;631;441;506;437;557;509;434;429;487;515;444;464;471;471;571;405;576;421;396;370;474;448;529;446;468;503;484;603;517;495;417;331;492;446;506;420;498;578;528;490;437;442;449;404;422;401;428;358;304;359;318;250;337;319;307;360;319;332;324;307;345;283;428;283;312;289;281;316;293;380;323;284;261;374;305;323;462;339;280;300;273;300;299;197;242;249;294;261;273
248;640;634;441;507;441;527;494;436;432;489;516;465;466;492;474;574;404;580;424;396;369;478;452;531;450;470;502;485;625;517;488;415;333;495;449;510;403;503;581;530;495;440;443;452;398;425;422;433;362;304;351;338;248;339;324;305;361;322;335;322;309;342;269;428;260;272;318;283;314;327;380;327;286;265;370;309;300;478;336;298;302;220;307;301;208;255;246;291;260;278
250;641;636;439;507;446;559;517;440;436;496;509;436;470;472;477;577;405;583;427;398;368;476;455;531;452;470;494;484;619;517;492;412;334;498;453;514;408;509;582;533;499;449;448;456;398;428;400;429;362;303;366;334;245;341;331;301;361;325;340;322;311;338;285;429;293;310;246;287;310;297;380;331;289;268;367;284;325;464;326;280;264;272;314;301;202;266;245;303;259;284
252;642;641;443;510;450;559;516;442;438;497;517;462;472;483;482;581;410;585;427;399;371;479;457;530;450;497;504;487;622;522;493;428;334;499;455;515;400;507;584;549;502;446;449;460;402;430;420;432;364;305;361;332;250;340;332;302;362;325;338;323;309;356;258;432;256;310;292;251;312;297;386;331;263;333;366;319;324;468;333;300;302;222;317;302;212;239;249;297;264;284
254;643;646;447;513;454;559;515;444;440;498;521;444;474;478;487;585;415;587;427;400;374;482;459;529;448;476;482;490;625;527;502;420;334;500;457;516;426;505;586;545;505;447;450;464;406;432;408;435;366;307;364;326;255;339;333;303;363;325;340;324;307;330;293;435;285;314;262;279;314;297;388;331;281;278;365;323;323;472;310;302;280;264;320;303;222;252;253;291;269;284
256;644;651;451;516;458;559;514;446;442;499;525;464;476;481;498;589;420;589;427;401;377;485;461;528;446;479;506;517;628;532;495;424;334;501;459;517;408;503;588;551;508;438;451;468;410;434;442;438;368;309;339;328;260;338;334;304;364;325;340;325;305;338;297;438;250;316;288;275;316;297;392;331;259;283;364;327;316;476;335;304;302;260;323;304;252;219;257;255;274;284
258;645;656;449;519;462;559;533;448;444;500;517;459;478;484;497;593;411;591;427;402;380;488;463;527;444;482;494;496;631;535;502;428;334;502;461;518;408;529;590;557;533;447;466;472;414;436;416;441;364;311;362;312;265;337;335;297;365;325;340;314;303;280;331;395;277;338;252;271;318;245;396;331;273;242;363;331;321;480;336;288;272;256;326;305;242;238;261;279;279;284
260;644;661;461;523;465;560;508;448;446;500;533;469;482;485;500;597;429;591;429;405;384;490;464;527;443;484;510;506;632;543;497;434;334;504;465;521;407;501;590;563;515;445;453;475;420;437;420;445;370;314;360;325;272;336;335;308;364;325;339;325;268;338;306;446;258;301;284;265;318;298;398;331;271;294;358;335;318;485;336;309;304;236;330;305;254;232;267;275;285;273
262;647;664;447;523;464;565;518;448;447;502;518;447;484;485;501;600;385;594;440;408;385;484;466;529;448;484;481;501;634;537;497;435;337;508;467;524;431;505;595;562;519;453;457;477;422;441;419;446;368;315;364;288;278;339;335;301;366;329;342;325;306;340;312;414;275;338;289;271;318;254;397;331;275;274;363;331;323;484;335;291;299;257;331;250;251;235;266;280;286;248
264;650;667;461;523;463;570;518;448;448;504;531;475;484;485;502;603;425;597;439;411;386;490;468;531;453;484;506;512;636;543;497;436;340;512;469;527;419;509;598;561;523;453;461;479;424;445;434;447;370;316;334;319;284;342;335;298;368;331;343;325;309;386;302;438;252;317;322;275;318;292;396;331;261;290;360;327;324;483;334;305;302;260;332;303;248;238;265;285;287;275
266;653;670;461;523;462;575;526;448;449;506;530;456;488;485;494;606;423;600;444;414;387;490;470;533;458;484;488;509;638;523;497;437;343;516;471;530;435;517;605;560;527;457;465;481;426;449;417;448;370;317;372;296;290;345;335;293;370;333;344;325;312;312;312;422;281;330;299;279;318;255;395;331;283;288;369;321;333;482;333;283;291;263;333;302;245;241;264;290;288;270
268;622;673;461;523;461;572;492;448;450;492;529;473;490;485;508;609;421;603;449;417;388;492;472;535;463;484;502;556;640;543;497;438;346;520;473;533;431;517;610;559;531;445;469;483;408;453;430;449;370;318;370;313;296;348;335;288;372;335;345;325;315;346;314;430;268;301;304;283;318;300;404;331;287;286;360;319;338;481;332;301;300;266;334;301;242;244;263;295;289;265
270;657;677;459;523;461;585;533;449;453;509;526;440;494;481;506;610;420;606;454;421;391;489;474;536;466;483;488;515;640;542;499;439;348;522;473;538;436;529;614;556;535;463;474;487;430;456;417;450;369;318;378;311;303;349;337;274;374;337;346;324;319;349;318;427;285;334;270;285;320;283;391;329;289;286;385;304;345;481;329;301;260;271;336;300;241;245;263;298;288;261
272;656;678;465;524;460;586;522;456;458;505;531;465;489;483;535;609;423;608;453;422;395;491;479;536;464;486;505;539;644;547;499;443;333;524;476;540;422;523;599;558;537;450;476;490;431;456;444;454;373;320;361;320;299;349;335;291;377;338;344;327;305;343;272;433;264;334;306;282;322;284;393;328;289;288;369;317;339;483;329;305;300;273;325;305;249;229;263;298;284;262
274;655;679;471;525;459;587;535;459;463;505;536;448;496;483;516;608;412;610;452;423;399;493;484;536;466;487;510;519;648;536;499;447;346;526;479;542;444;525;612;560;539;461;478;497;460;456;423;458;367;322;376;329;295;349;333;298;380;339;342;330;315;276;308;439;285;334;242;279;324;265;395;327;289;262;413;318;337;485;329;309;266;275;334;310;257;233;263;298;280;263
276;654;680;477;526;458;588;510;464;468;485;541;469;497;483;521;607;429;612;451;424;403;495;489;536;466;492;515;521;652;557;499;451;345;528;482;544;436;523;611;562;541;456;480;496;433;456;434;462;381;324;359;338;291;349;331;305;383;340;340;333;309;331;283;445;273;332;302;270;326;286;397;326;285;292;379;319;335;487;329;313;304;277;333;315;265;227;263;298;276;264
278;653;681;469;527;457;589;541;469;473;501;546;467;498;483;526;606;406;614;450;425;407;486;494;536;466;495;520;519;656;562;499;455;344;530;485;546;454;523;610;564;543;459;482;499;434;456;417;466;383;326;374;347;287;349;329;312;386;341;338;336;311;281;298;451;285;346;300;273;328;281;399;325;289;268;381;302;333;489;311;289;288;283;332;320;273;221;263;298;272;265
280;632;683;487;538;455;589;522;472;476;487;552;471;497;483;529;604;435;616;450;424;410;500;498;536;466;499;527;523;659;567;498;458;343;550;486;547;435;524;610;566;547;458;482;504;436;457;444;470;390;329;369;354;285;347;329;320;387;342;335;340;309;321;262;455;286;323;300;271;331;288;399;325;288;296;328;319;330;492;330;319;309;280;332;325;283;214;263;296;269;267
282;655;680;464;530;454;594;547;473;477;496;532;471;500;483;519;602;407;619;454;424;410;491;499;537;512;498;509;524;660;569;499;449;347;539;491;547;478;550;611;564;548;464;486;502;472;459;434;470;386;329;375;319;285;350;329;297;387;345;336;319;314;329;293;419;289;337;288;276;333;283;400;328;288;298;381;322;331;492;320;296;306;303;328;320;248;218;211;298;267;264
284;642;677;487;532;453;599;522;474;478;474;548;471;503;483;529;600;431;622;458;424;410;502;500;538;420;499;527;555;661;571;500;452;351;544;496;547;445;532;612;562;549;470;490;500;444;461;464;470;386;329;363;352;285;353;329;318;387;348;337;338;313;383;293;451;288;341;300;281;335;290;401;331;278;326;324;325;316;492;330;317;307;282;300;315;261;222;219;300;265;269
286;661;674;481;534;452;604;545;475;479;494;546;471;506;483;529;598;413;625;462;424;410;503;501;539;134;500;506;526;662;573;501;449;355;549;501;547;470;536;613;560;550;476;494;498;448;463;438;470;376;329;383;351;285;356;329;317;387;351;338;325;324;305;293;433;295;345;282;286;337;289;402;334;284;302;377;328;333;492;328;316;271;283;320;302;250;226;203;302;263;270
288;664;671;487;542;451;609;548;476;480;476;544;485;509;493;531;596;427;628;466;424;410;504;502;540;374;517;527;527;663;575;502;446;359;554;506;547;455;540;604;558;551;482;498;496;452;465;464;470;382;329;381;350;285;357;329;316;387;350;339;338;329;353;266;447;298;323;300;291;339;292;403;337;274;304;337;331;324;492;330;315;305;236;290;305;239;230;223;304;261;271
290;668;668;487;538;449;614;552;476;481;490;541;467;514;485;531;594;424;633;468;425;411;505;504;541;498;502;519;530;664;579;503;441;363;558;512;548;462;548;615;558;554;486;500;496;455;468;440;471;382;329;390;348;283;360;331;315;388;356;342;335;340;332;292;431;302;355;299;298;343;295;406;341;281;262;374;335;337;493;329;312;289;284;314;302;229;236;211;306;260;274
292;659;666;492;541;452;602;504;479;484;478;546;472;513;496;536;592;430;636;470;427;415;510;506;542;470;509;538;550;667;582;505;443;341;559;515;550;459;546;612;562;552;487;501;497;455;471;472;475;386;331;367;352;281;346;333;319;388;340;342;338;315;360;261;445;301;338;306;289;343;317;407;339;283;304;363;342;336;494;334;330;312;235;312;308;230;236;242;308;262;278
294;670;664;497;544;455;610;542;476;487;486;533;463;512;495;541;588;434;639;472;429;419;515;508;543;465;508;523;534;670;585;507;445;359;560;518;552;458;548;613;566;550;488;502;498;473;474;448;479;390;333;388;354;279;360;335;321;388;352;342;341;334;300;286;441;300;353;305;296;343;303;408;337;285;262;374;325;335;495;339;318;321;274;310;314;231;236;217;310;264;282
296;671;662;502;547;458;608;501;485;490;460;556;474;501;500;546;588;438;642;474;431;423;520;510;544;431;511;534;536;673;588;509;447;339;561;521;554;457;550;612;570;548;489;501;499;455;477;452;483;394;335;387;360;277;360;337;327;388;342;342;344;333;358;255;449;299;340;308;295;343;325;409;335;287;296;375;350;330;496;344;324;342;251;298;320;232;236;220;312;266;286
298;672;660;507;550;461;606;542;484;493;490;549;475;510;499;537;580;404;645;476;433;427;516;512;545;455;514;513;532;676;591;511;449;355;562;524;556;462;562;611;574;546;492;504;500;457;486;444;481;392;337;386;336;275;360;339;331;388;348;342;339;334;353;280;435;298;351;293;294;343;327;410;333;289;250;430;349;333;497;345;308;339;266;306;326;233;236;223;314;268;290
300;663;658;514;552;464;605;529;492;498;480;564;478;501;508;554;583;445;648;477;433;431;528;513;547;479;515;540;538;677;596;512;451;349;561;529;559;455;553;608;580;542;493;507;499;455;483;464;489;401;338;386;370;274;358;340;337;389;348;344;348;305;357;277;454;298;346;315;295;345;344;412;333;289;288;377;361;331;499;353;330;348;258;305;334;232;235;227;317;270;295
302;677;661;474;534;443;610;540;494;500;484;537;470;511;508;554;583;409;647;477;437;431;514;514;548;480;506;512;534;678;593;514;449;357;572;532;560;467;555;611;580;545;510;511;503;477;485;456;489;400;338;390;332;276;360;339;337;391;355;347;335;335;358;280;437;301;350;275;299;347;310;412;336;296;299;402;358;334;498;353;305;318;280;309;333;244;237;232;314;277;293
304;683;664;502;552;462;603;519;496;502;490;562;478;489;512;554;583;441;646;477;441;431;524;515;549;481;509;538;538;679;590;516;447;361;571;535;561;463;557;614;580;548;507;515;507;463;487;474;493;399;338;394;370;278;360;338;337;393;340;350;346;335;359;269;452;304;332;309;303;349;334;412;339;303;416;395;355;337;497;353;328;342;230;313;332;256;204;237;311;284;291
306;689;667;472;552;461;620;538;486;504;492;561;478;511;514;554;583;421;645;477;445;431;516;516;550;482;506;521;538;680;587;518;445;365;576;538;562;487;559;617;580;551;514;519;511;467;489;460;487;398;338;402;370;280;364;337;337;395;357;353;345;343;350;286;449;307;354;282;307;351;334;412;342;310;321;404;326;340;496;353;317;300;264;317;307;268;237;242;308;291;289
308;693;670;490;552;460;625;529;500;506;490;560;478;511;516;554;583;437;644;477;449;431;520;517;551;483;503;546;538;681;584;520;443;341;581;541;563;471;561;620;580;554;521;523;515;471;491;460;497;397;338;400;370;282;356;336;337;397;350;356;344;331;361;289;450;310;356;303;311;353;334;412;345;317;332;413;349;343;495;353;326;336;230;321;330;280;237;247;305;298;287
310;700;673;486;551;450;628;544;500;506;501;557;476;517;519;553;582;433;641;478;453;429;507;519;550;486;500;535;537;684;540;521;442;375;585;543;563;473;561;624;582;557;535;528;520;480;495;459;497;395;336;408;359;284;366;337;338;400;365;357;345;352;324;294;447;314;358;298;313;357;324;411;346;325;326;421;347;346;496;354;315;325;268;325;330;293;241;253;301;306;287
312;647;670;490;554;463;628;514;503;509;472;560;475;506;525;558;587;438;638;479;456;431;518;519;550;487;504;536;557;685;577;523;444;349;583;545;562;476;561;608;584;558;527;529;522;474;495;463;526;399;339;382;371;283;350;340;339;400;364;358;348;351;362;270;450;316;356;298;298;358;330;413;345;304;336;423;349;346;500;356;326;335;277;326;331;293;242;257;302;294;289
314;678;667;490;557;448;628;544;490;512;497;563;474;503;531;563;592;439;635;480;459;433;506;519;550;488;508;521;549;686;532;525;446;371;581;547;561;511;561;616;586;559;527;530;524;474;509;461;507;403;342;404;332;282;362;343;330;400;363;359;337;350;324;292;429;318;354;274;311;359;290;415;344;323;266;425;322;346;504;358;329;339;322;327;332;293;245;261;303;310;291
316;621;664;498;560;469;628;544;509;515;483;566;473;492;537;568;597;448;632;481;462;435;514;519;550;489;512;538;555;687;571;527;448;367;579;549;560;482;561;604;588;560;527;529;526;474;499;471;524;407;345;402;375;281;360;346;341;400;362;360;354;325;360;291;456;320;352;298;302;360;326;417;343;298;320;427;353;346;508;360;332;343;295;328;333;293;248;265;304;312;293
318;656;661;502;563;450;628;544;496;510;493;565;472;497;519;573;602;423;629;482;465;437;492;519;550;490;516;513;561;688;554;529;450;367;577;551;559;485;561;608;590;561;527;532;528;476;501;453;517;379;348;400;351;280;358;335;334;400;361;361;357;348;339;290;433;322;350;266;309;361;292;419;342;321;267;429;355;346;512;354;317;347;304;329;330;293;251;269;305;314;295
320;647;660;504;564;473;626;524;516;523;489;574;472;494;550;577;606;457;624;484;468;440;510;518;550;490;521;539;565;691;566;530;450;366;577;553;559;486;561;605;594;560;526;533;528;475;503;483;522;415;352;398;381;281;328;350;343;401;361;360;361;339;359;287;462;322;348;300;307;361;337;422;342;318;306;433;358;348;516;364;339;351;271;330;336;293;253;274;305;316;298
322;650;658;503;565;472;631;544;488;524;491;572;470;495;550;579;605;433;622;485;472;419;492;518;552;493;523;524;543;690;566;532;451;370;579;556;559;516;563;607;592;561;530;532;523;477;507;458;523;389;352;402;347;286;359;348;342;403;365;363;352;349;361;292;461;324;351;288;310;361;321;425;344;320;244;436;356;351;517;363;318;348;309;333;305;297;255;238;308;313;272
324;653;656;506;566;471;636;530;508;525;471;570;468;496;550;581;604;453;620;486;476;360;502;518;554;496;535;537;561;689;566;534;452;360;581;559;559;496;565;597;590;562;534;531;518;479;501;475;534;411;352;406;381;291;327;346;341;405;369;366;359;319;363;297;460;326;354;304;307;361;319;428;346;316;304;439;354;354;518;362;337;345;302;320;330;301;257;278;311;310;298
326;656;654;507;567;452;641;548;488;526;489;562;466;497;550;583;585;437;618;487;480;275;496;518;556;499;527;536;549;688;566;536;453;378;583;562;559;517;567;611;584;563;538;530;513;481;509;474;525;409;352;410;381;296;363;344;340;407;373;369;346;353;365;302;447;328;357;306;316;361;313;431;348;324;303;442;324;357;519;361;334;314;299;339;327;305;259;280;314;307;298
328;659;636;508;568;469;628;530;500;527;483;566;464;498;550;585;602;449;616;488;484;416;494;518;558;502;543;535;557;687;566;538;454;368;585;565;559;506;569;595;586;564;542;500;508;475;490;473;526;407;352;414;381;301;333;342;339;409;355;372;357;343;367;307;458;330;336;308;309;361;315;434;350;324;302;423;350;360;520;360;335;339;280;342;324;309;259;282;317;298;298
330;664;651;506;569;461;649;552;473;521;493;565;464;528;546;586;602;448;616;488;490;435;468;517;558;504;529;532;556;684;566;540;455;384;587;566;560;511;570;615;583;564;544;528;504;486;512;471;513;404;350;419;366;306;365;340;338;411;379;376;349;356;371;313;441;331;363;288;324;360;315;435;350;327;299;446;347;363;522;357;336;326;291;345;323;312;261;283;322;302;298
332;664;637;510;572;474;630;553;496;531;475;566;467;500;553;587;604;452;614;485;491;462;495;516;557;504;570;532;564;682;571;540;458;360;571;568;559;510;568;601;588;555;544;519;507;485;496;475;530;407;353;417;383;283;366;344;341;412;373;377;360;351;374;314;459;330;362;310;304;363;312;435;349;301;319;429;352;363;524;361;340;341;290;322;327;305;223;283;322;278;299
334;664;643;502;575;455;643;554;460;535;505;567;470;516;556;588;598;448;602;482;492;433;500;515;556;504;541;500;568;680;576;540;461;380;583;570;558;521;566;615;593;562;544;530;510;484;512;469;533;396;356;415;348;304;375;348;344;413;379;378;341;354;377;315;443;329;361;312;324;366;268;435;348;323;319;436;357;363;526;365;344;326;289;339;327;298;255;283;322;290;300
336;636;639;514;578;484;620;555;494;539;491;568;477;492;559;589;608;460;610;479;493;469;521;514;555;504;569;524;574;678;581;540;464;376;581;572;557;512;564;611;598;561;544;531;513;483;506;489;536;413;359;413;389;303;368;352;347;414;365;379;366;349;380;316;463;328;360;314;312;369;306;435;347;321;345;421;362;363;528;369;348;347;258;336;335;291;252;283;322;284;301
338;664;635;516;581;460;637;556;464;541;513;565;472;500;562;590;610;460;596;476;494;431;506;513;554;504;553;486;572;676;586;540;467;376;579;574;556;533;562;619;603;560;566;532;516;482;512;475;539;404;362;411;356;302;369;356;350;415;381;380;345;352;383;317;451;327;359;316;324;372;274;435;346;319;335;426;334;363;530;363;334;350;287;333;333;284;249;283;322;278;288
340;664;633;520;582;493;635;559;502;546;485;570;480;472;567;590;610;468;607;473;494;457;513;513;555;504;581;515;585;674;589;542;469;370;577;575;554;512;562;615;606;561;545;532;518;481;495;499;541;420;365;407;394;302;368;361;355;415;378;382;372;353;388;319;467;326;358;320;323;375;301;434;343;316;351;422;372;362;531;377;355;355;257;329;342;275;247;284;323;264;303
342;668;629;521;582;481;640;562;477;542;510;571;459;500;549;592;612;457;608;474;493;460;492;514;554;507;537;471;585;675;591;543;468;380;581;572;553;524;565;619;596;564;546;534;520;485;512;494;541;392;363;410;365;304;376;359;347;415;377;382;357;356;386;320;442;326;361;299;326;374;301;435;344;321;329;426;347;364;531;360;336;321;287;335;332;278;251;226;343;274;301
344;670;588;522;582;493;645;565;494;546;499;572;472;494;563;594;614;466;609;475;492;463;507;515;553;510;559;503;585;676;595;544;467;374;585;569;552;514;568;623;606;567;547;536;522;489;484;499;541;416;361;413;384;292;380;357;351;415;338;382;374;355;384;321;461;326;364;318;313;373;305;436;345;326;343;418;370;366;531;371;349;351;247;341;338;281;255;268;335;278;299
346;676;621;511;582;469;650;568;475;544;512;573;466;504;561;596;616;465;610;476;491;466;492;516;552;513;559;468;581;677;595;545;466;388;589;566;551;515;571;627;606;570;548;538;524;493;514;488;541;414;359;416;343;308;384;355;349;415;375;382;356;362;382;322;458;326;367;292;332;372;307;437;346;335;303;434;369;368;531;368;336;327;291;347;336;284;259;256;341;282;293
348;662;609;524;582;493;653;571;508;546;497;574;464;494;559;598;618;464;611;477;490;469;501;503;551;516;573;491;585;678;601;546;483;378;593;563;550;516;574;615;606;567;539;517;526;475;503;505;541;412;357;419;374;310;378;353;347;415;351;382;376;322;380;323;455;326;370;316;331;371;309;438;347;336;335;438;368;370;531;365;343;347;293;353;334;287;261;252;347;286;295
350;685;614;527;581;483;658;575;494;544;508;574;442;504;556;601;622;463;611;479;487;472;492;518;548;517;559;487;576;679;601;547;466;394;597;562;551;515;578;633;604;576;549;544;530;501;516;490;542;412;356;422;370;314;390;351;339;414;373;383;375;366;379;325;453;326;374;310;337;371;311;440;349;341;290;441;367;372;533;364;339;335;293;360;334;288;265;246;354;292;293
352;644;616;530;583;495;657;577;510;547;499;577;461;472;561;599;622;466;614;481;487;476;496;510;549;520;605;495;586;676;604;547;508;394;580;561;548;512;575;624;609;577;548;530;532;499;512;502;543;414;359;422;374;270;373;355;345;419;364;386;378;332;385;327;457;325;374;317;298;372;314;442;350;315;333;430;371;372;537;366;342;345;294;338;351;292;259;254;337;297;297
354;683;618;533;571;482;656;579;496;538;506;580;460;490;552;597;622;469;607;483;487;480;478;518;550;523;567;495;570;673;607;547;472;394;595;560;545;509;572;635;614;578;547;540;534;497;516;488;524;412;362;422;378;308;384;359;339;424;389;389;359;362;391;329;457;324;374;296;331;373;287;444;351;337;307;435;375;372;541;364;333;315;295;356;344;296;261;262;320;302;301
356;664;620;536;587;503;655;581;508;549;503;583;459;464;571;595;622;472;616;485;487;484;496;506;551;526;597;499;590;670;610;547;475;394;594;559;540;506;569;634;619;579;546;538;536;495;516;508;545;418;365;422;382;281;377;363;349;429;376;392;384;360;397;331;465;323;374;323;328;374;320;446;352;335;337;432;379;372;545;370;348;349;296;354;349;300;247;270;273;307;305
358;681;622;539;569;497;654;583;490;546;504;586;456;482;560;593;604;475;617;487;487;488;490;518;552;529;575;493;590;667;611;547;478;394;593;558;539;517;566;637;624;580;545;536;538;493;516;488;546;408;368;422;342;302;378;367;337;434;385;395;373;358;403;333;433;322;374;326;325;375;323;448;353;333;295;429;383;372;549;360;333;333;297;352;338;304;257;278;278;312;309
360;680;624;542;591;513;653;586;515;553;498;588;459;468;579;589;623;479;619;489;488;494;497;516;555;531;579;506;595;666;617;548;480;393;593;559;535;502;565;638;630;583;545;522;538;493;517;517;549;422;369;420;388;301;377;369;353;440;376;396;391;351;410;336;472;322;372;331;324;374;328;451;352;331;339;425;389;373;553;372;356;352;272;348;361;306;254;286;270;317;314
362;679;625;540;588;492;656;588;495;525;504;584;458;487;581;587;605;478;596;491;490;496;493;520;554;537;572;490;587;666;613;554;485;396;594;560;536;505;568;644;632;586;549;536;540;495;521;491;548;420;368;423;364;305;380;355;332;440;384;398;375;361;410;333;446;321;375;332;328;373;297;451;355;337;307;432;386;377;556;373;329;334;299;353;353;307;255;286;271;314;304
364;636;626;538;589;515;659;590;523;549;504;580;457;482;583;585;615;477;613;493;492;498;497;524;553;543;577;506;579;666;609;560;490;399;595;561;537;508;571;646;634;589;553;536;542;497;517;517;547;422;367;426;384;309;383;365;351;440;380;400;395;365;410;330;468;320;378;333;332;372;340;451;358;343;335;439;383;381;559;374;354;352;254;358;361;308;252;286;272;309;318
366;677;627;532;588;516;662;592;494;547;504;576;456;485;585;583;601;476;610;495;494;500;484;528;552;549;576;506;537;666;605;566;495;402;596;562;538;511;574;666;636;592;557;542;544;499;529;517;546;418;366;429;366;313;386;351;336;440;396;402;377;369;410;327;452;319;381;334;336;371;334;451;361;349;313;446;340;385;562;375;353;352;297;363;353;309;257;286;273;308;320
368;652;618;534;593;517;665;594;511;545;504;572;455;484;587;581;607;475;607;497;496;502;513;530;551;555;595;506;563;666;601;572;526;405;587;563;539;514;577;662;638;595;561;540;546;501;519;517;545;428;365;432;380;305;387;361;349;440;396;404;391;347;410;324;464;318;384;335;336;370;348;451;364;335;331;453;377;389;565;376;352;352;296;368;361;310;258;286;274;273;322
370;674;630;530;572;517;669;594;498;545;505;569;456;499;588;580;605;476;586;499;497;503;487;537;548;559;572;504;526;665;569;577;504;408;598;564;540;515;579;670;640;598;563;546;549;502;536;517;545;423;366;436;376;322;391;357;347;440;401;405;391;377;412;322;462;316;389;313;346;369;309;452;368;360;282;461;369;391;566;376;347;348;293;373;359;309;257;285;273;304;325
372;652;610;530;587;522;668;595;516;546;505;570;455;491;587;578;632;480;607;501;500;505;497;521;550;565;580;503;557;664;599;575;506;409;599;566;538;515;578;644;644;600;560;547;550;502;537;518;549;426;368;436;379;324;391;360;350;443;388;405;394;339;411;323;466;318;390;338;340;371;340;455;367;336;327;437;378;392;568;378;352;355;283;370;364;302;262;278;271;304;325
374;674;626;530;576;515;667;596;517;547;505;571;454;491;574;576;611;484;604;503;503;507;486;537;552;571;580;486;558;663;583;573;508;410;600;568;536;515;577;662;646;602;557;548;551;502;538;507;553;429;370;436;382;332;391;363;353;442;403;405;383;373;410;324;460;316;391;339;346;373;325;458;366;352;266;453;365;393;570;362;335;336;293;367;357;303;267;259;269;304;325
376;674;622;530;585;532;666;597;520;548;505;572;453;477;585;574;614;488;613;505;506;509;497;533;554;577;590;501;559;662;599;571;510;411;601;570;522;515;576;652;652;604;554;549;552;496;539;520;557;432;372;436;385;320;391;366;356;449;402;405;400;351;409;325;474;322;392;340;344;375;346;461;365;314;327;443;384;394;572;382;358;357;273;364;370;300;272;264;267;304;325
378;674;622;512;559;537;665;598;523;545;505;573;452;491;578;572;615;492;616;507;509;511;469;537;556;583;584;490;536;661;599;569;512;412;602;572;532;523;575;654;642;606;551;550;553;502;540;501;551;429;374;436;380;330;391;369;339;446;423;405;377;369;408;326;446;324;393;298;358;377;345;464;364;344;327;445;371;395;574;362;335;318;293;361;369;297;277;239;265;304;325
380;675;622;532;583;542;665;601;527;552;503;576;449;490;583;571;618;495;617;510;514;514;499;538;558;591;591;500;563;660;601;569;513;409;602;574;528;515;574;615;660;610;546;549;556;501;539;521;567;440;376;434;393;327;390;374;360;455;404;407;407;360;408;327;482;327;394;341;345;377;352;467;365;340;335;442;388;398;576;387;362;357;292;347;377;293;273;251;263;268;324
382;695;626;529;562;523;668;601;495;524;499;577;448;491;556;570;607;496;614;507;514;515;487;540;553;592;572;472;563;659;598;571;514;414;606;573;528;517;576;649;641;613;547;549;560;503;538;491;561;439;376;439;349;332;391;361;347;456;409;408;392;371;411;325;447;316;394;341;348;377;316;468;368;344;309;448;387;403;577;386;343;347;299;359;326;295;284;256;265;306;323
384;687;630;534;585;540;671;601;521;540;495;578;447;492;581;569;608;497;615;504;514;516;495;540;548;593;589;492;563;658;595;573;515;417;610;572;528;519;578;613;654;606;540;549;564;479;501;517;563;438;376;444;389;282;392;372;358;457;414;409;401;342;414;323;476;325;394;341;351;377;344;469;371;348;327;454;386;408;578;385;360;353;306;361;367;297;279;261;267;292;322
386;693;634;535;558;539;674;601;518;520;491;579;446;493;580;568;603;498;614;501;514;517;473;544;527;594;588;474;557;657;576;575;516;420;614;571;528;521;580;647;649;619;549;549;568;507;536;489;557;437;376;449;387;330;393;371;349;458;419;410;398;377;417;321;447;312;394;323;354;377;309;470;374;352;303;460;377;413;579;382;355;351;313;363;362;299;290;266;269;314;321
388;687;624;536;571;538;677;601;515;528;487;580;445;494;579;567;598;499;613;498;514;518;491;546;538;595;587;484;571;656;589;577;517;409;618;570;528;515;582;603;648;622;534;549;572;505;535;513;559;436;376;454;385;315;390;370;356;459;424;411;395;362;420;319;470;323;394;341;329;377;336;471;377;352;327;466;384;418;580;383;358;349;320;353;357;301;293;271;271;318;320
390;707;644;538;542;536;679;601;496;521;485;582;442;497;577;565;588;498;605;495;512;518;488;548;534;596;584;478;563;655;587;581;517;428;621;562;529;526;583;644;647;623;552;550;575;511;536;508;559;436;375;459;384;329;393;371;354;461;428;411;387;383;422;315;458;310;396;340;358;378;319;472;380;359;326;473;385;422;582;383;353;347;329;367;354;302;294;274;275;321;321
392;705;634;544;567;537;677;603;512;524;485;583;443;494;578;565;590;501;614;496;513;519;492;535;534;599;586;483;592;652;591;581;521;413;594;569;515;522;583;623;649;604;533;531;578;488;538;531;559;439;378;460;388;328;395;374;357;464;427;413;395;363;418;316;470;323;397;344;352;379;334;474;381;349;333;472;388;423;583;385;358;350;331;351;356;300;292;276;275;320;322
394;703;636;550;526;532;675;605;489;525;485;584;444;491;569;565;578;504;605;497;514;520;486;546;534;602;588;484;573;649;595;581;525;426;615;544;525;522;583;642;627;609;546;544;581;509;540;508;541;442;381;461;392;327;397;377;360;444;426;415;397;379;414;317;442;322;398;348;354;380;313;476;382;355;328;471;377;424;584;387;353;353;333;363;358;298;290;278;275;319;303
396;701;634;556;565;535;673;607;512;530;485;585;445;486;580;565;586;507;616;498;515;521;494;545;534;605;590;489;594;646;601;581;529;425;612;567;523;514;583;631;653;602;541;531;584;508;542;525;559;445;384;462;396;314;399;380;363;470;425;417;399;367;410;318;478;329;399;352;352;381;340;478;383;353;347;470;394;425;585;389;364;356;335;359;360;296;288;280;275;310;324
398;699;632;558;532;506;671;609;496;523;485;586;446;485;581;565;562;510;615;499;516;522;486;544;534;608;592;492;583;643;603;581;533;428;609;564;521;518;583;640;655;595;540;538;587;507;544;516;533;444;387;463;400;325;401;377;366;442;424;419;401;375;406;319;458;328;400;356;350;382;327;480;384;351;354;469;385;426;586;379;355;359;337;359;336;294;286;278;275;317;325
400;699;630;566;572;533;667;610;511;535;485;586;448;484;580;567;580;514;617;502;515;522;500;545;536;613;594;494;590;638;606;582;535;424;604;565;520;517;583;640;656;590;539;535;589;504;547;533;561;452;391;466;402;306;403;387;369;474;423;421;405;375;403;318;487;335;403;360;344;381;347;481;387;351;363;470;398;425;586;394;370;363;337;357;366;290;283;283;277;317;325
402;701;635;549;530;521;671;611;504;522;488;589;449;482;570;565;570;513;610;503;516;510;483;546;538;613;591;492;579;639;607;582;534;429;610;566;523;519;586;646;647;592;544;539;589;511;551;519;560;441;391;470;403;326;406;380;368;444;427;423;404;378;404;317;472;326;401;359;352;382;347;481;389;355;363;470;396;429;588;387;351;361;326;362;329;293;284;287;279;324;327
404;691;636;564;558;533;675;612;509;533;491;592;450;478;580;563;576;512;625;504;517;518;506;547;540;613;588;490;588;640;618;582;533;434;616;567;526;521;589;638;650;594;549;543;589;514;555;533;559;450;391;474;404;304;409;385;367;470;431;425;407;375;405;316;481;333;399;358;354;383;347;481;391;359;363;470;394;433;590;392;368;359;335;367;364;296;285;291;281;331;329
406;705;645;555;534;519;679;613;508;522;494;595;451;478;574;561;574;511;608;505;518;516;489;548;542;613;585;488;587;641;609;582;532;439;622;560;529;523;592;652;645;596;554;547;589;517;559;533;558;449;391;478;405;330;412;366;366;442;435;427;408;384;406;315;458;320;397;357;356;384;347;481;393;363;357;470;368;437;592;385;365;357;334;372;345;299;286;295;283;338;331
408;707;650;562;574;533;683;614;507;531;497;598;452;476;580;559;584;510;621;506;519;514;496;539;544;613;582;486;586;642;618;582;531;420;628;569;532;525;595;620;644;598;559;535;589;516;563;535;557;448;391;482;406;324;415;383;365;466;439;429;409;387;407;314;475;331;395;356;346;385;347;481;395;367;363;470;390;441;594;390;366;355;333;377;362;302;287;299;285;345;333
410;711;653;563;532;531;688;614;497;528;504;603;452;473;579;557;570;509;617;505;522;513;491;548;548;613;578;485;587;645;609;582;531;448;633;569;537;528;598;660;627;601;562;553;587;524;565;535;557;445;393;484;409;335;418;373;363;465;441;429;410;390;409;311;468;329;393;353;361;384;345;481;396;372;330;469;388;445;594;387;365;355;332;381;359;303;289;302;287;350;333
412;706;652;566;577;534;687;613;507;531;498;602;453;474;581;555;604;515;624;503;522;516;502;548;549;612;582;487;602;644;642;583;531;433;630;569;535;522;596;627;639;601;564;544;586;498;552;548;560;449;396;485;410;334;418;384;367;474;442;431;413;383;405;312;478;333;393;354;356;385;353;482;396;368;365;471;396;447;594;390;368;358;337;356;363;302;290;306;285;336;335
414;709;651;569;537;507;686;612;484;532;498;601;454;475;583;553;576;521;617;501;522;519;501;548;550;611;586;489;593;643;603;584;531;446;627;569;533;524;594;658;611;601;566;551;585;524;559;545;563;453;399;486;411;333;418;359;371;475;459;433;416;388;401;313;482;325;393;355;359;386;357;483;396;364;364;473;394;449;594;391;353;361;338;375;353;301;291;310;283;338;337
416;708;644;572;575;540;685;611;505;537;496;600;455;476;585;545;583;527;630;499;522;522;532;548;551;610;590;491;596;642;616;585;531;445;608;569;525;522;592;657;635;601;568;550;584;524;556;550;566;457;402;487;412;330;418;390;375;494;444;435;419;381;393;314;486;341;393;356;354;387;361;484;396;360;371;475;400;451;594;396;374;364;341;368;365;300;292;314;281;318;339
418;707;649;575;551;518;684;610;504;540;494;599;456;477;587;549;578;533;633;497;522;525;497;548;552;609;594;493;593;641;577;586;531;444;621;543;529;520;590;656;621;601;570;549;583;524;553;555;569;461;405;488;413;331;418;371;379;485;445;437;422;386;393;311;466;343;393;357;357;388;365;485;396;356;328;477;364;453;594;397;363;367;344;369;324;299;293;304;279;326;341
420;705;639;580;589;545;684;607;505;544;491;597;459;479;588;548;585;539;637;496;523;527;511;548;554;607;599;494;604;640;615;588;531;444;617;571;520;519;586;644;632;603;573;549;580;524;551;558;573;463;408;491;416;328;420;397;383;491;448;439;426;384;388;316;494;347;394;358;356;388;368;488;398;351;378;480;410;454;595;402;380;369;346;361;369;299;293;323;276;317;342
422;708;650;552;560;543;686;607;490;541;491;595;459;480;589;548;584;539;609;495;520;526;488;546;553;605;599;495;601;641;600;587;533;450;618;571;529;519;589;656;601;606;579;548;579;548;553;556;559;462;408;491;417;332;422;382;382;482;450;439;428;387;392;316;469;326;393;358;359;388;348;489;401;354;349;481;354;456;597;399;361;369;342;368;350;302;291;281;283;326;341
424;711;633;568;569;549;688;607;507;548;491;593;459;481;590;548;593;539;633;494;517;525;505;544;552;603;599;496;598;642;609;586;535;456;617;571;520;519;592;628;626;609;585;547;578;512;555;554;569;461;408;491;418;314;424;395;381;489;432;439;430;380;396;316;488;345;392;358;356;388;364;490;404;357;368;482;412;458;599;400;378;369;338;355;367;305;246;315;290;331;340
426;714;652;554;549;551;690;607;508;539;491;591;459;482;591;548;582;539;615;493;514;524;484;542;551;601;599;497;576;643;604;585;537;462;620;571;531;519;595;660;623;612;591;546;577;530;557;552;565;460;408;491;419;336;426;382;380;482;454;418;432;393;400;316;485;334;391;358;365;388;362;491;411;360;314;483;371;460;601;399;373;369;334;374;348;308;287;311;297;336;339
428;717;649;556;583;553;692;607;509;546;491;575;459;483;592;546;595;539;629;492;511;523;503;540;550;599;599;498;592;644;617;584;539;468;613;571;532;519;598;662;620;615;597;545;576;491;559;550;565;459;408;491;420;324;428;393;379;487;446;439;434;396;402;316;482;343;390;358;352;388;360;492;410;363;358;484;414;462;603;398;376;369;330;377;365;311;285;307;304;327;338
430;720;653;550;563;553;696;608;508;525;491;587;458;484;592;548;578;540;626;492;506;523;482;536;550;598;601;497;567;645;602;585;542;473;621;564;532;519;600;665;619;620;604;546;574;534;561;550;564;460;409;493;422;340;432;388;377;471;458;441;437;398;407;316;480;335;388;359;369;390;330;493;414;364;355;483;414;464;604;396;365;370;324;379;350;313;283;295;313;345;339
432;719;640;553;593;557;693;606;513;542;491;571;458;483;591;549;604;544;628;493;508;526;497;503;552;599;606;498;591;634;611;586;545;453;621;575;532;521;602;661;624;607;607;548;579;504;560;552;566;464;412;495;423;317;433;394;381;506;454;445;441;394;386;319;483;345;389;361;359;391;357;495;403;361;372;484;421;467;603;400;377;372;328;358;367;312;286;307;311;328;340
434;718;651;550;567;555;690;604;516;528;491;579;458;482;590;550;582;548;628;494;510;529;486;530;554;600;611;499;575;639;608;587;548;473;621;568;532;523;604;661;629;614;610;550;584;526;559;554;568;468;415;497;424;338;434;388;385;493;458;449;445;394;405;322;486;337;380;363;365;392;357;497;412;358;369;485;428;470;602;404;365;374;330;373;356;311;301;309;309;339;341
436;717;650;559;573;565;687;602;519;544;491;575;458;481;589;551;584;552;632;495;512;532;499;492;556;601;616;500;591;636;611;588;551;473;619;581;526;525;606;655;634;611;613;552;589;486;558;556;570;472;418;499;425;331;435;398;389;496;458;453;449;392;404;325;489;353;391;365;361;393;357;499;411;355;376;486;439;473;601;408;381;376;336;368;373;310;292;311;307;336;342
438;716;649;562;546;541;684;600;522;517;491;571;458;480;588;552;586;556;618;496;514;535;488;524;558;602;621;501;591;633;614;589;550;479;621;584;532;527;608;657;639;608;616;554;594;518;557;558;564;472;421;501;426;336;436;378;393;485;460;447;453;390;403;324;492;327;380;367;361;394;355;501;410;352;348;487;387;476;600;412;359;378;340;367;332;309;295;268;305;333;343
440;714;622;567;578;575;683;599;523;548;489;568;457;481;587;551;587;561;637;498;515;537;503;519;561;603;625;500;589;629;615;590;555;468;620;586;530;528;610;626;643;603;618;557;600;504;558;561;572;479;426;501;426;333;437;402;397;501;460;460;455;387;390;332;493;359;393;368;361;395;356;504;410;351;392;488;449;481;601;414;383;380;345;364;378;310;300;315;305;329;342
442;713;647;569;543;540;686;596;522;527;489;571;456;482;587;551;573;565;624;501;513;537;484;520;558;600;625;502;591;630;615;590;551;476;631;588;544;531;609;655;635;607;620;565;597;516;560;562;558;479;417;501;427;340;439;383;396;486;462;447;457;390;404;312;492;330;376;369;364;396;339;506;414;353;351;487;368;481;603;412;356;379;346;368;336;313;304;304;305;331;342
444;712;629;571;574;573;689;593;521;548;489;574;455;483;587;551;583;569;639;504;511;537;501;521;555;597;625;504;593;631;615;590;547;478;634;590;534;534;608;645;639;611;614;561;594;504;562;563;572;479;424;501;428;313;441;400;395;499;464;462;459;393;396;328;491;357;391;370;363;397;354;508;418;355;390;486;429;481;605;410;381;378;347;372;372;316;308;313;305;315;342
446;711;649;573;572;556;692;590;520;532;489;577;454;484;587;551;581;573;620;507;509;537;484;522;552;594;625;506;595;632;615;590;543;480;641;592;536;537;607;659;637;615;624;569;589;524;564;564;572;479;423;501;429;346;443;397;394;476;466;463;461;396;408;324;490;348;390;371;370;398;329;510;422;357;389;485;403;481;607;408;374;377;348;376;351;319;312;312;305;335;342
448;710;623;575;570;571;695;587;519;558;489;580;453;485;587;551;591;577;633;510;507;537;503;509;549;591;625;508;597;633;615;590;539;482;648;594;536;540;606;645;635;619;626;561;588;502;566;565;572;479;422;501;430;319;445;398;393;497;464;478;463;399;388;324;489;355;389;372;357;399;352;512;426;359;388;484;409;481;609;406;379;376;349;364;378;322;316;311;305;337;342
450;711;651;578;567;556;698;585;518;550;489;585;453;485;588;549;573;583;628;511;507;537;496;522;546;586;627;510;598;636;614;590;537;486;653;594;540;543;605;661;631;623;629;575;586;530;570;565;572;478;422;503;429;350;445;398;392;496;468;450;441;400;414;321;490;352;387;373;376;402;349;512;429;361;375;481;380;481;609;406;377;377;343;384;344;325;319;310;306;338;341
452;707;608;582;568;573;698;587;517;579;489;585;453;486;588;547;581;586;633;511;504;540;499;522;545;588;630;511;601;633;618;589;541;486;638;598;531;545;608;660;638;620;626;575;585;514;570;563;576;481;425;506;428;313;447;400;394;498;470;465;462;399;389;325;495;355;392;374;355;402;354;514;428;361;391;480;413;481;606;410;381;378;349;352;366;324;290;319;308;340;343
454;703;645;586;569;564;698;589;516;558;489;585;453;487;588;545;581;589;630;511;501;543;495;522;518;590;633;510;604;634;618;588;545;486;647;596;538;547;611;659;641;621;627;591;584;530;570;561;580;478;428;509;427;348;449;402;396;480;472;442;445;398;412;327;500;346;377;375;370;402;359;516;427;361;393;479;386;481;603;414;373;379;331;380;370;323;313;328;310;342;345
456;699;636;590;570;583;698;591;515;571;489;585;453;488;588;543;601;592;635;511;498;546;521;522;543;592;636;513;607;633;626;587;549;486;636;610;535;549;614;654;646;610;612;571;583;528;570;559;584;487;431;512;426;337;451;404;398;502;474;463;460;397;399;333;505;361;398;376;343;402;364;518;426;361;395;478;407;481;600;418;389;380;349;378;374;316;310;337;312;344;347
458;695;649;594;548;582;698;587;514;550;489;585;453;489;588;541;585;595;630;511;495;549;492;522;538;594;639;508;610;632;620;586;553;486;641;610;556;551;617;661;649;619;617;575;568;538;570;557;586;484;432;501;425;346;453;406;400;475;476;460;455;396;410;333;510;344;397;377;364;402;369;520;425;361;389;477;380;481;597;422;375;381;349;376;350;321;307;346;314;346;341
460;692;624;600;571;592;697;593;515;574;490;585;453;489;590;540;587;600;639;512;492;552;510;520;539;598;642;516;613;630;624;587;556;488;636;615;533;551;620;657;657;616;584;571;582;532;571;557;591;494;436;519;426;345;454;409;403;506;477;459;457;395;399;342;514;366;406;379;343;402;373;520;410;359;399;474;415;481;592;424;397;381;350;374;381;321;306;357;317;349;349
462;694;640;603;570;568;698;592;513;563;491;586;453;490;589;543;585;602;634;510;494;553;496;521;539;597;637;502;615;651;622;585;556;492;637;615;543;550;621;659;653;616;609;581;575;537;570;554;588;493;432;495;424;349;455;409;402;486;478;451;457;397;412;340;511;351;395;378;364;404;369;522;429;362;372;473;411;481;594;423;374;382;320;377;353;320;311;311;320;349;335
464;696;620;606;575;588;699;591;511;578;492;587;453;491;588;546;583;604;637;508;496;554;510;522;539;596;632;512;617;640;620;583;556;488;636;615;537;549;622;661;649;610;557;577;576;540;569;551;585;492;432;515;422;331;456;409;401;502;479;459;457;399;391;338;508;364;404;377;353;406;365;524;434;365;393;472;415;481;596;422;395;383;342;378;377;291;316;345;323;349;345
466;698;650;609;568;584;700;590;509;571;493;588;453;492;587;565;581;606;616;506;498;555;491;523;539;595;627;510;619;645;618;581;556;500;639;615;555;548;623;663;645;616;603;579;573;551;568;548;582;491;424;495;420;353;457;409;400;484;480;459;457;401;418;324;505;345;403;376;370;408;349;526;439;368;362;471;415;481;598;421;390;384;308;383;347;318;321;319;326;349;343
468;700;620;622;567;584;701;589;507;570;494;589;453;493;586;552;591;608;635;504;500;556;506;522;539;594;622;508;621;650;616;579;556;492;640;615;529;547;624;626;641;616;582;573;570;548;567;545;579;490;428;511;418;315;458;409;399;502;481;459;457;403;385;334;502;362;402;375;357;410;357;528;442;365;387;470;415;481;600;420;393;385;334;362;373;313;296;333;329;327;341
470;703;646;617;566;581;700;588;507;554;496;591;453;494;585;555;578;609;615;502;504;558;490;525;538;594;619;508;624;654;614;575;555;508;641;617;549;547;624;667;639;615;595;581;569;556;567;544;566;490;428;510;416;356;458;408;398;492;484;458;458;404;424;331;500;363;400;374;376;413;355;528;451;372;385;468;413;481;603;420;373;385;328;387;368;317;329;327;330;351;338
472;708;619;619;568;586;699;585;508;567;496;591;452;493;586;556;604;612;635;500;507;560;515;525;539;601;621;509;624;651;632;578;559;504;621;615;526;548;629;668;640;608;593;562;570;557;564;545;576;492;431;514;415;326;461;412;400;508;483;479;460;404;387;334;504;366;405;376;355;413;357;530;438;370;392;467;414;482;596;424;394;387;334;379;373;312;311;332;325;340;342
474;713;644;621;570;591;698;576;509;536;496;591;451;492;587;557;560;615;619;498;510;562;484;525;540;600;623;510;620;648;618;581;563;508;637;613;543;549;634;687;641;613;591;579;571;558;561;546;576;494;434;510;414;352;464;416;402;483;482;464;462;404;418;337;508;369;400;378;374;413;359;532;453;368;399;466;415;483;601;428;379;389;340;383;364;315;325;333;320;353;346
476;718;637;623;572;596;697;579;510;561;496;591;446;491;588;558;598;618;635;496;513;564;507;521;541;603;625;511;624;633;620;584;567;492;631;611;534;550;639;670;642;608;571;576;572;559;558;547;576;496;437;522;413;328;467;420;404;506;481;467;464;404;401;340;512;372;411;380;361;413;361;534;438;366;406;465;416;484;600;432;400;391;346;375;379;314;323;336;315;352;350
478;723;652;625;574;601;696;550;511;558;496;591;449;490;589;567;542;621;612;494;516;566;489;525;542;606;627;512;624;646;622;587;571;508;633;569;557;551;644;671;643;611;587;581;573;564;555;548;568;478;440;524;412;348;470;424;406;478;480;466;466;404;412;343;516;369;392;382;372;413;363;536;453;364;413;464;379;485;599;422;383;393;352;379;354;313;321;311;308;355;350
480;730;629;632;596;629;690;584;520;566;495;586;446;489;587;547;326;628;651;491;521;582;515;508;555;633;647;522;629;627;632;612;579;487;613;615;515;559;671;641;661;604;565;568;579;534;544;556;599;521;458;561;380;314;475;437;427;530;472;492;474;404;378;356;534;402;441;388;349;405;380;549;444;348;429;471;439;502;572;471;427;401;390;352;414;295;311;352;300;350;381